314975479, 216973182, 335790257, 416509636, 176710703, 185078179, 34097013, 108406766, 479027465, 240569156, 
450856522, 150376879, 489482402, 466255250, 339098825, 228196027, 213761800, 216511465, 199822095, 139958565, 
361110753, 227963949, 59279327, 467757783, 402113346, 98337282, 396257284, 262797285, 21654856, 497654020, 
175488499, 492318323, 303345772, 449123981, 385385698, 152592335, 17483058, 161847851, 405657242, 286681275, 
14373420, 322425932, 241264137, 374367680, 147158114, 214889101, 402827108, 488713319, 98018269, 491508163, 
340135441, 332599049, 209748090, 65912861, 233159411, 288058680, 14685312, 132133682, 471467696, 338980484, 
175756282, 477005280, 279511136, 28470777, 159398709, 338780489, 420448606, 424466471, 127765596, 95057825, 
181780823, 161687566, 125384767, 268475593, 405311698, 13076783, 3235551, 498670167, 39328411, 198701861, 
177672056, 206631012, 111607192, 153628052, 437873845, 148940891, 152469372, 432240280, 53257340, 206658016, 
50225296, 291418008, 116519951, 141351521, 321813163, 225128748, 298287872, 219826424, 326033418, 431204546, 
489109314, 248118927, 378638972, 166452354, 417293825, 169811576, 53844667, 357467510, 245230564, 348149727, 
251480678, 68905128, 220791150, 267194029, 479485861, 110451135, 115034253, 92648120, 2860467, 76600461, 
146276233, 57968668, 220069874, 347350622, 48205292, 164824875, 115945984, 147053754, 143801861, 235263351, 
44700624, 252767722, 165006403, 471237602, 467847, 490571343, 422271799, 107043460, 362684191, 68016840, 
43197283, 341632475, 124586107, 441307930, 361820531, 421878891, 369038549, 48455776, 21492469, 54893604, 
172477079, 302770476, 348475817, 166567452, 71013102, 359471526, 438305077, 88272438, 84040538, 234853695, 
156467756, 143974101, 287202726, 258853346, 153922905, 129426244, 178944539, 309476173, 484389824, 146726798, 
227681869, 303469099, 64671064, 285822483, 428852391, 343789280, 277610056, 153157308, 440068632, 419326535, 
108318065, 24227332, 190561445, 84387273, 33672119, 447816959, 488593681, 339252988, 25077036, 7827440, 
139103269, 203285434, 108651227, 310944597, 447906548, 218922590, 397658210, 26216725, 432641212, 425818529, 
384587008, 36142530, 329225, 363561677, 450870087, 389742468, 309606230, 499700211, 6773568, 11618031, 
307627758, 87462296, 120696595, 476187745, 123831823, 112615294, 457077623, 323997926, 107533729, 326904553, 
208227770, 470285097, 160433720, 263794962, 177939260, 98442974, 475599850, 216239450, 243403658, 59061227, 
93215786, 424385208, 124727998, 334729719, 34746143, 51068292, 9581407, 2311678, 325081666, 337237637, 
37853061, 447505082, 75741619, 67461074, 15126378, 128372910, 375437352, 185477638, 271440371, 460708149, 
402283536, 436872488, 236943579, 216790756, 428137619, 209773843, 385678680, 452501256, 388856181, 283460879, 
434327084, 146729638, 110142831, 324236309, 249803580, 284439289, 245767320, 108622386, 22353000, 92387623, 
254427385, 364846528, 15007322, 122319791, 484919068, 87729454, 435534423, 21773038, 114328859, 211446397, 
240928161, 20218681, 25434612, 263737925, 331263900, 289169737, 487283350, 484832549, 256983508, 421703112, 
217527177, 449879480, 188728084, 23020446, 134425417, 6146117, 120052928, 116327095, 404359304, 36793191, 
358305559, 493674950, 381182330, 205483685, 45885398, 135659828, 376553792, 312393673, 411196810, 4730333, 
303414847, 151409272, 491653547, 28538669, 347871385, 448374932, 268119452, 148004592, 40004598, 244164749, 
7260466, 215429375, 453654598, 211601619, 108021888, 161308648, 373878009, 290272105, 308452454, 75379468, 
407586899, 353430672, 3672559, 465105658, 333375581, 137963329, 260164808, 449418592, 93163803, 407950434, 
432790187, 400431003, 78568545, 675963, 270516453, 125263882, 131365748, 83196569, 126132011, 58704706, 
85563964, 299240854, 208307894, 2054995, 111155325, 28957986, 422403789, 112982113, 444906393, 98806935, 
85028277, 182927601, 107923190, 291422275, 185280168, 261895995, 464066364, 154708979, 220723327, 253882972, 
362567034, 359437830, 442471028, 439261606, 314113214, 183331044, 102068877, 465376689, 219373626, 255362348, 
158398771, 121728757, 212051582, 465061479, 391698564, 286314124, 450826247, 250566710, 2855341, 1356497, 
346821844, 72256817, 391542249, 294958471, 32780207, 433530154, 388192640, 112749525, 19858513, 417813627, 
105938974, 224877009, 148440633, 453829362, 451665836, 175602632, 48230916, 255027495, 377907225, 294831303, 
53081137, 305263812, 396312880, 189173353, 33396477, 35552399, 287768482, 59904720, 431962496, 207762535, 
245744743, 432762426, 152090730, 233372101, 478792463, 274862003, 376870348, 482905453, 348947252, 440631807, 
272381538, 311473000, 18120079, 480162664, 479371144, 179881889, 196268489, 464814122, 266943596, 287491784, 
17512526, 421116418, 150852455, 188984934, 431342952, 142309961, 241848166, 225983031, 192918158, 488059602, 
319146718, 118734343, 276288060, 40932580, 206317183, 165936030, 399976102, 306301484, 100872628, 258285214, 
266119778, 290776372, 320205746, 64763062, 213834996, 434698605, 42029862, 375525949, 180217770, 292848361, 
488322529, 265315936, 335352228, 413046291, 302975304, 186158343, 290593040, 319482045, 342887386, 337644603, 
92068196, 481834444, 230524323, 61653663, 193580766, 484290374, 275763555, 491151647, 393763739, 128918970, 
203855695, 411742633, 355673609, 171680903, 311367051, 308190876, 181203525, 285690824, 269104474, 68069707, 
70246845, 280024698, 35546730, 118862795, 44338888, 81555060, 337737591, 290478413, 295325518, 302015690, 
275339502, 250460859, 221111317, 441730609, 320243466, 382580731, 79487555, 270791793, 67705977, 264884475, 
52646528, 457102396, 268835549, 147250159, 481026192, 362452563, 348224711, 158484144, 394383895, 353003452, 
66494670, 394700031, 425724879, 424748992, 11245141, 148802641, 283466463, 254587973, 267585137, 251465426, 
119680900, 246816329, 50719760, 116107505, 425323799, 341865827, 427099092, 101175346, 139523292, 188729100, 
115722735, 356878829, 427492424, 16347249, 231993673, 5039575, 297519128, 62026667, 326300388, 87838925, 
476068778, 370021378, 10406272, 466064535, 11982522, 463215498, 328157209, 274291323, 402720474, 156312969, 
203627098, 402431187, 42804978, 274943105, 339664997, 163785853, 143002747, 27875378, 248532254, 181077023, 
290381480, 51992882, 1856659, 327339863, 187271717, 332549495, 366359568, 199941946, 475682441, 308638601, 
277097328, 45660769, 71850709, 138157256, 485786776, 409837337, 167323624, 70236866, 198359580, 3612452, 
240589424, 341536051, 280499674, 328530387, 84822257, 333545297, 425633821, 115913916, 152445873, 67222908, 
494780531, 218118597, 404393790, 469467687, 425137777, 130246376, 327666456, 135857889, 122782515, 42473454, 
57651268, 361277701, 31465602, 463234207, 190483049, 399709323, 407609133, 55612572, 364914803, 88079576, 
144204525, 496006509, 469291658, 263560764, 290548169, 237467343, 194516, 194204112, 454433025, 238186549, 
241102916, 457297180, 121421021, 424654510, 330329589, 70269346, 291932132, 231786532, 18375915, 8592632, 
431797378, 363568720, 100365537, 212083689, 110974073, 5557913, 341633639, 122231529, 400254051, 128590896, 
401237763, 388507006, 238134774, 304343480, 295725819, 429459192, 396765047, 256764557, 192199545, 335405686, 
150384555, 373427581, 20051833, 419746437, 41649591, 94786941, 424130460, 226007244, 390393435, 286630253, 
323346688, 438896470, 435364340, 206361452, 197824749, 39763336, 458573270, 40225914, 87111218, 306585334, 
403814044, 469382332, 164499312, 462482216, 413134922, 387278828, 33621804, 22670240, 78758821, 103193298, 
453993671, 197134438, 483267743, 314121655, 419302113, 331245469, 119760735, 226706671, 333135123, 287798020, 
346602477, 428565886, 14382423, 401006954, 244749516, 198896079, 374998220, 155949603, 322369484, 273986911, 
137077636, 285970395, 12585119, 493535339, 412920861, 431798060, 471034097, 23700552, 390390969, 53019895, 
490655886, 181025263, 440689579, 165120314, 363231650, 28537883, 482395589, 469598709, 382450455, 94116958, 
171802566, 474610147, 183976948, 346070663, 196156198, 47628122, 60920874, 374731851, 481466592, 420355731, 
102189577, 242636793, 92706548, 181880119, 287421665, 267142235, 404563294, 460913747, 65089964, 318669217, 
420373160, 148385306, 396122509, 348869817, 58392872, 438762321, 126463667, 65348597, 391186415, 378194276, 
485212161, 397082076, 486986910, 176869172, 224686031, 483126478, 142398953, 130501876, 381957631, 66143444, 
276717787, 376815102, 127936446, 77534641, 413028454, 206605250, 287571236, 61629474, 129912611, 348052168, 
61638242, 86907575, 91873268, 222931251, 436243886, 358410049, 39167491, 120419933, 419422909, 452163527, 
29582013, 282079546, 233187434, 332399512, 348306569, 298776923, 487347980, 80899801, 91780776, 99005544, 
444214143, 491670856, 168275974, 450182947, 345898770, 193904653, 154216742, 476968525, 232231732, 329378856, 
305373067, 391732163, 479521943, 186648604, 376889961, 38868903, 12003165, 352551927, 69774364, 188932336, 
368699497, 288750512, 403294865, 93728062, 75280796, 299402383, 371495957, 241438381, 463192598, 148997906, 
482717321, 55311308, 206248848, 63873536, 402318098, 216289743, 151846330, 278326068, 285347553, 359533172, 
221183425, 487482712, 183120948, 460299623, 308694549, 229782866, 243110019, 236792177, 343535863, 64098944, 
125750880, 49637228, 348768252, 237846803, 438231215, 371475554, 369945779, 131672489, 419053312, 130220185, 
202363044, 453472121, 101772839, 130093238, 411396988, 476497, 129990341, 80824640, 415455624, 27661818, 
311537182, 199959103, 283316149, 266847866, 401836324, 224441527, 479198143, 171045165, 306257943, 24668420, 
492182785, 53730117, 291806018, 382248749, 490947914, 395316804, 243887425, 275981810, 262642691, 443158630, 
461583812, 21839290, 119245046, 214279635, 173025754, 474837466, 262207495, 134877682, 115052419, 383524558, 
305821177, 158036210, 350613967, 421871324, 476025514, 441954518, 284621516, 240405122, 237995659, 7468275, 
213012563, 306098824, 60920221, 196565420, 6728361, 408331044, 6872384, 20479217, 283707234, 182050457, 
142131023, 271852884, 467841867, 394722524, 170812578, 157220931, 493984257, 225651080, 343841218, 380569856, 
217027520, 164439443, 365452550, 350471956, 428186573, 456213152, 102400008, 67596684, 366842196, 149260152, 
50624782, 397189922, 473781465, 156023025, 144609099, 459327256, 348553371, 85025429, 127572481, 197260218, 
410012652, 421857289, 493566241, 251747759, 382574017, 46103428, 204421873, 66454929, 30689500, 486791154, 
423380495, 113946241, 351796280, 386232393, 415982312, 61244937, 470916984, 421090463, 433988067, 155872781, 
189057241, 405548158, 141509861, 92754450, 476924602, 62710105, 46741850, 301019303, 370252022, 388501063, 
65997766, 258966452, 238944394, 417398860, 36622096, 395835762, 338385395, 241958569, 453009466, 93989982, 
379696302, 97455955, 214676872, 417427174, 352106027, 483838252, 171273396, 384462546, 436738685, 247107418, 
417688705, 201862315, 9575226, 399260824, 422550051, 470142032, 254398001, 451334189, 432412666, 326094336, 
78013020, 154453582, 167073574, 166274167, 247905844, 2912214, 478268735, 26221560, 228841547, 273087747, 
425796144, 153928433, 184198764, 77970818, 313528587, 210821, 261036927, 114030160, 23720389, 408236386, 
488123212, 178248896, 437302524, 307373805, 258926040, 261291883, 198537974, 140237924, 233656049, 457090534, 
441180164, 214777006, 7399409, 264462052, 274656264, 29668330, 313307465, 249789260, 118192982, 489955153, 
496036210, 303765262, 149330040, 421594890, 300654614, 12583996, 331621604, 163834549, 482091923, 256974607, 
231394017, 243703434, 74273358, 317098741, 116809271, 390393864, 213890571, 156851248, 66632354, 324021010, 
266858676, 494693798, 3617587, 66440147, 279591331, 8248090, 205151847, 58885738, 268044750, 44621759, 
11697856, 238431958, 395283578, 439705096, 197977005, 371768887, 259353703, 288605872, 260619339, 141611496, 
228747284, 468396849, 157012554, 9775051, 57946602, 447121226, 23465623, 1717940, 345257499, 311670380, 
317511575, 161475817, 403346099, 349975406, 419618758, 137720359, 157262979, 333117195, 111994188, 480438021, 
9769007, 30727721, 247352554, 427820129, 393982761, 484296902, 200526252, 93036555, 102324962, 67689452, 
179865060, 141952808, 266711096, 80450616, 3347523, 68456238, 213555691, 423099327, 208025138, 374740047, 
308475021, 242664842, 289240600, 15206481, 202451153, 336787159, 68627136, 267441555, 2051392, 106701543, 
142029428, 272550957, 251436909, 247639825, 444835798, 409025136, 365050057, 467219670, 345269125, 169346298, 
176056444, 418627222, 157359152, 168897063, 173098267, 224941310, 104487439, 44065202, 36755192, 79526924, 
240296475, 499527514, 118204061, 348143936, 359299851, 264464222, 227006691, 371910648, 402672429, 362587496, 
333355072, 36828783, 487163904, 416891397, 253408526, 66218216, 252140701, 31771924, 231465575, 486044006, 
68942361, 9949353, 116333182, 202387802, 82918177, 447044357, 459902710, 193613376, 288494214, 415631788, 
383574529, 228162048, 481115384, 117999784, 380445328, 359480506, 377566786, 362442970, 205109621, 67747956, 
267833938, 176952153, 333154927, 71919300, 237378157, 127306445, 422487105, 294248128, 155364103, 478913775, 
107898105, 466458455, 205109331, 15751722, 189167820, 7844575, 213847348, 282621785, 366858112, 137336477, 
300605868, 397656556, 322506506, 77217109, 155731396, 22211664, 330951718, 302380437, 327395760, 198377349, 
311056702, 148091420, 412091477, 465344063, 350994188, 488880191, 152018473, 184740957, 257378757, 332800256, 
68810436, 55783716, 2244645, 457583111, 468043242, 412356230, 449263064, 287926386, 453557740, 12181683, 
312726535, 249397698, 365827029, 434810493, 136226234, 117554166, 60508071, 417287063, 429576047, 138365162, 
466638778, 497134876, 268655164, 64521018, 397790595, 315596408, 241615500, 185179685, 187171929, 449808575, 
316795621, 183644418, 227692047, 459114242, 362317658, 89348978, 98560794, 162499547, 196394115, 356801540, 
314414436, 276146000, 185964063, 191273121, 459411665, 140603993, 399614752, 355482583, 66465462, 413776731, 
163485034, 126350426, 237422903, 407814952, 57757178, 376497535, 126831560, 259551605, 403029383, 311717580, 
40910007, 2874573, 318871819, 292296521, 462640223, 86480276, 356090556, 227803618, 437370745, 435083146, 
484359000, 218817522, 450065820, 133125956, 399159670, 468791391, 460616577, 219595003, 178608138, 358979494, 
393825262, 469612563, 179161504, 283128402, 309616536, 140347440, 139717134, 79936553, 62034739, 494198158, 
141488528, 60856460, 372724572, 45759972, 237535883, 379244461, 400908104, 197304376, 271930752, 206933986, 
10949187, 202997382, 345825140, 392875125, 279758357, 108492910, 114750909, 267729825, 321717230, 263078324, 
282247815, 283893652, 320020705, 460385936, 223857304, 158368120, 146159661, 26777721, 26569983, 404124314, 
274281622, 130011020, 59467959, 340869456, 195011690, 468718019, 232878270, 239198576, 382994856, 304864763, 
423490458, 282022159, 219175356, 302906035, 226499266, 143237459, 187275715, 211729936, 15773821, 413647267, 
453982130, 282025423, 427009007, 339580838, 130424115, 153998086, 311975816, 499250423, 321495766, 319663411, 
114249438, 6798429, 227673641, 121787810, 498874394, 317672053, 346778608, 177454675, 434782030, 311451779, 
107358327, 45321062, 319125950, 290119431, 161514459, 197515267, 279601541, 167464958, 307647463, 4440762, 
286644410, 343005409, 36211071, 58323109, 287154524, 36951027, 59212989, 417725305, 360750710, 234301514, 
78418093, 205809359, 19799170, 223272466, 185331004, 444516057, 437827544, 8806328, 433775911, 433423054, 
22668787, 278193272, 471569496, 109525399, 127684767, 85366605, 396538708, 261411604, 382978646, 472645487, 
147784885, 475710762, 381839572, 101448721, 274522084, 209206544, 36530323, 270922112, 91251816, 447577550, 
387939364, 278255589, 45734782, 435600497, 284400341, 75790971, 432935871, 492907646, 272007181, 60126996, 
383508983, 291423778, 285720722, 72678273, 225282907, 400376144, 356067385, 248927751, 206174969, 62596232, 
254476980, 99373931, 140126499, 2180557, 316626201, 16389262, 99509367, 484468683, 137772010, 291089188, 
24089143, 253905963, 103728054, 450249087, 1679872, 99680353, 357160966, 360444318, 405907178, 120312970, 
210764560, 291637206, 101989862, 470453624, 128062381, 15719267, 184280246, 246630503, 464124617, 498541678, 
140606786, 17225715, 236520316, 254345245, 311129680, 483968892, 1880714, 177289184, 385408563, 391693238, 
403332906, 236411497, 35284073, 212473334, 437133668, 205086110, 41261848, 183268942, 459337209, 346866566, 
427686114, 276657567, 423735658, 387350732, 315504279, 372904027, 420983550, 348772213, 7724876, 279004268, 
458021102, 211864619, 201028884, 367147366, 195589121, 335087256, 235254523, 282591752, 115227762, 176259270, 
250267932, 413589847, 208296276, 416714791, 326699118, 1353930, 470370030, 382717622, 192223426, 18398130, 
178125565, 44847427, 109778910, 466129496, 328755225, 8684145, 309249974, 473391554, 389363427, 255949231, 
129281781, 49264655, 105436484, 472330065, 487590563, 325485636, 7984897, 154389463, 115306147, 337267354, 
62522353, 256189953, 335151370, 290586397, 494994625, 457810737, 425974309, 129725130, 28112297, 390988530, 
109330127, 271888536, 29640009, 169065941, 34613537, 34081179, 187135939, 494889634, 185174965, 385804348, 
203055941, 336696964, 129344806, 109950587, 66164031, 433267466, 393533220, 257125759, 5271298, 230879121, 
193950567, 327672938, 62061588, 346649667, 358930317, 195390820, 490638352, 300921268, 473285630, 440950114, 
208194804, 180897512, 252624083, 470180759, 336575594, 313043781, 241587946, 238901715, 215646272, 245099148, 
366586298, 347217592, 135489341, 305800790, 33514056, 307040823, 216271758, 236761608, 363566931, 164631672, 
256005932, 391507054, 381888913, 176351476, 362002655, 471727311, 262512148, 188436199, 491878470, 290663796, 
315839927, 257271905, 427133759, 448445688, 26308155, 272633407, 194153662, 379914512, 55656637, 164773155, 
467222848, 289226329, 364982886, 387096015, 376148287, 144955709, 223395972, 315690002, 71054698, 468925771, 
32998096, 236614620, 425392216, 8294432, 205384872, 100945945, 312019538, 30623258, 447979186, 163498896, 
415198901, 158704303, 389727366, 444437559, 42739745, 132950094, 493206518, 86392123, 326164407, 370000562, 
225022197, 301991223, 101879777, 334654282, 460363764, 301961569, 35915464, 315975912, 131646833, 242467775, 
331564869, 393468066, 137607705, 310953840, 445995732, 157247388, 146588048, 256638647, 456520175, 99282753, 
387297117, 494976867, 358597407, 271528206, 420657534, 233362824, 305907114, 484194574, 279154102, 32788860, 
154495110, 151137521, 421487447, 288331294, 92644872, 269431215, 122412430, 211245796, 438179235, 63319128, 
148972912, 172005574, 389294983, 149965187, 255893556, 46523047, 183209605, 200999074, 422708300, 395971767, 
52141585, 41777761, 225406615, 441688361, 294983219, 211775767, 172227027, 208321953, 495250974, 331670135, 
71190578, 456580088, 384869153, 233209245, 184933684, 406715812, 340806165, 297964043, 114481074, 196952694, 
343821530, 248110875, 33304590, 358748197, 376483506, 38744628, 23217089, 196343646, 357920886, 269737957, 
306830036, 445199846, 493421258, 422458287, 244759580, 86235108, 313979870, 322483138, 2309030, 293255509, 
394450987, 303118296, 150316861, 220716195, 143488538, 188760120, 80267760, 44211056, 150524529, 255965553, 
324939492, 335372486, 402632960, 83650688, 424083393, 136513033, 197443227, 210677908, 17193216, 198581218, 
114517803, 324497244, 504170, 360414740, 162605943, 3446978, 472998887, 374819854, 64059242, 361428346, 
209945275, 102399271, 412302391, 415870516, 93596423, 78502097, 141827309, 188079905, 358438306, 51888257, 
19036412, 422204424, 146755837, 407485377, 35548255, 238688341, 176360671, 10097826, 45351310, 47345949, 
428466842, 431827831, 277668205, 95359642, 342595072, 27137106, 320664888, 288087873, 276060305, 233432176, 
279614967, 350393464, 27557182, 68682308, 312269414, 330295507, 55819940, 244505103, 114480433, 362794623, 
256815932, 258546907, 499193280, 115360416, 175679846, 408810204, 481644208, 30921539, 264001039, 425735474, 
90361573, 493095674, 91064902, 43899250, 353468928, 308379525, 415798833, 320638436, 56637654, 288207223, 
378359006, 93750802, 64271617, 185574656, 155221618, 355041165, 484852174, 320170304, 225645727, 16368244, 
159909457, 477710893, 427462373, 146540861, 150734317, 313783120, 132944374, 231643394, 26710038, 116981729, 
436620750, 258687889, 276427409, 221092482, 472362824, 256121274, 253777085, 140489094, 13409928, 424032087, 
293792332, 360475822, 109550597, 191098481, 44834812, 316388473, 127878465, 308520060, 216161556, 296268163, 
464344025, 223652844, 79549568, 222123541, 225107314, 400733924, 481597069, 249429273, 14374970, 392786927, 
176556438, 283036332, 88098901, 353494710, 244279342, 28048017, 184537686, 388443711, 490748084, 202101890, 
293395495, 475314315, 236861717, 93096279, 145269836, 477943880, 136446708, 169990323, 267263913, 319667792, 
174404241, 36338317, 415241102, 386795315, 422948419, 55948847, 43636341, 340857036, 286833250, 149796099, 
103345482, 212502889, 425181243, 151868705, 466428820, 187224083, 481461652, 377197384, 115939065, 245176674, 
263756337, 330514091, 334037525, 453978351, 127733833, 93980546, 14492702, 292761431, 341136195, 47556775, 
54735290, 482424825, 190636212, 317865474, 457709872, 154744192, 285562071, 259971070, 278545474, 422367689, 
111047253, 321837634, 347829598, 233314087, 251510585, 201902361, 64974608, 28839341, 402001746, 20584700, 
367848646, 336906982, 408451608, 387903611, 197286741, 120539973, 453306798, 97108548, 350363289, 425006465, 
6013004, 112419715, 406383899, 201294268, 385930502, 108912683, 82411056, 242002951, 483332276, 437363405, 
475760948, 478874958, 447859387, 85989859, 315880606, 53272562, 43574426, 59024329, 492452956, 443934114, 
195946975, 305893498, 239744341, 27533634, 237767531, 165750047, 482249056, 410345194, 493054460, 84100165, 
257606605, 467781254, 420319625, 125173363, 269019633, 283850194, 85097306, 371873768, 84283102, 10936068, 
93718977, 433550412, 451318722, 436734217, 136200027, 343137354, 306933042, 213107680, 279003617, 296528671, 
397297105, 321902606, 190388604, 326294914, 467343645, 299279210, 246304322, 322081283, 119095191, 267957995, 
341136379, 439390235, 360123760, 446452311, 456018473, 440626392, 360580999, 199527770, 244311421, 423443889, 
65013870, 63575134, 80946587, 210229821, 90234879, 312603957, 127166037, 306662381, 36033592, 441046289, 
173580200, 313605348, 450385133, 411315721, 120955100, 374986172, 208196197, 133611654, 75885533, 2680725, 
266445281, 203305677, 157780455, 339653351, 369726626, 184682745, 46074251, 154494008, 397260209, 479424078, 
407484190, 364777693, 321813150, 49369278, 82401940, 478938336, 114489092, 457844668, 494122808, 453832485, 
65600475, 329052032, 23505351, 242178673, 279399339, 225452425, 245165241, 447424348, 134603442, 206050802, 
279707740, 262608631, 1031888, 228303926, 233556847, 470861366, 298587312, 417681045, 190747168, 439693878, 
171867526, 119342285, 465167763, 432065748, 297868932, 292179985, 351264491, 77001890, 94720741, 262117707, 
332435230, 235360120, 390576297, 232209058, 94505496, 243807161, 332232310, 304402653, 10128137, 317397849, 
258828438, 80440240, 11887432, 296473062, 97263926, 427635146, 151087814, 112734073, 409959056, 357009629, 
297586674, 332373577, 370271235, 73132152, 373524747, 438367406, 98542341, 342045011, 73655205, 152650423, 
49058921, 284651320, 407121226, 93804127, 414678228, 254092471, 356580841, 240771969, 245514019, 236732804, 
281189037, 412777889, 304427086, 94654572, 418612235, 480709395, 141962491, 391435911, 138481793, 72319701, 
328631731, 343756117, 341859127, 398485803, 208053992, 219128761, 265353042, 199132003, 314944179, 69654568, 
108071184, 17521746, 179149868, 263768436, 178350963, 74604545, 198865092, 218620380, 282978526, 29592970, 
193654186, 412227903, 375484619, 106886521, 397842965, 346114431, 396050234, 150910672, 331453121, 103987379, 
284091884, 290111674, 19790411, 355656156, 362903179, 420102534, 342795148, 209495871, 72949122, 362951928, 
434404136, 378999314, 296854771, 181907531, 435018378, 155145026, 323742119, 240486534, 492676523, 356131225, 
139231516, 424167107, 321784368, 183413898, 56457155, 52827731, 14904588, 297782648, 328768706, 64524772, 
330292712, 133378166, 355178401, 182376752, 324108164, 53988263, 386944388, 421707935, 69217688, 45497765, 
19500426, 364282379, 359708641, 247989706, 224141531, 321867511, 109514799, 124989833, 307283818, 424723683, 
276200515, 139868921, 434934806, 96538577, 490180108, 325846735, 64631047, 481013956, 340505595, 309752947, 
235066548, 75507865, 470204308, 96692780, 342067095, 179342309, 194226309, 3827217, 268995114, 435580445, 
123337858, 105262755, 46430371, 307808192, 457435425, 266991064, 115327121, 226292047, 473703607, 371073993, 
312103999, 186261927, 126228451, 96844254, 281876547, 247764102, 108297148, 444859812, 132794983, 247268960, 
443448079, 81006927, 194503514, 299804411, 12920523, 293186557, 385071719, 169786197, 341817676, 314435983, 
480754698, 42519319, 332857716, 459887640, 330438778, 250265080, 412850281, 425673004, 392326040, 364209131, 
370723106, 266122243, 157780959, 322059957, 80999973, 243533856, 99456964, 42020350, 398437317, 154270814, 
205349547, 473493672, 45002195, 462039631, 26139776, 84575707, 55984504, 357855450, 273579103, 2873346, 
440117742, 431847221, 385058323, 350639430, 238686328, 384678270, 482809616, 186212047, 405402416, 122699320, 
450231152, 130304745, 134346073, 109257161, 8994351, 157564464, 20666854, 166790354, 297448240, 448731305, 
497746328, 73151949, 413948664, 199246175, 208478147, 281001617, 146557286, 87426513, 473199089, 296144830, 
50054935, 458343000, 409900917, 195471209, 342834624, 121819538, 359572584, 329135424, 341500720, 400561994, 
81194327, 467971340, 447975388, 424528279, 186631415, 239836314, 119239032, 210877491, 150377319, 159358082, 
406090279, 2059508, 455509155, 57507123, 486374841, 376991112, 2615637, 87009535, 462315326, 471048027, 
164540553, 2530735, 473689701, 83632716, 239520450, 372750311, 364847218, 391753508, 370374250, 450110827, 
54718719, 425063044, 163970037, 152256925, 416761109, 230145432, 134763661, 10171527, 389569812, 476643991, 
489479828, 209824361, 238147609, 368596212, 317818962, 183700192, 61041023, 177861173, 42823455, 109159696, 
321758253, 478697426, 415419933, 103067114, 449002517, 339209952, 275851483, 483125902, 224857064, 428814451, 
204601727, 370638842, 206658295, 329220592, 21029885, 269853443, 393257138, 98516293, 234434324, 35653309, 
442995200, 460790933, 243463648, 403585147, 310037041, 23643502, 185324541, 180816691, 162022599, 420829465, 
223831635, 254341126, 263785772, 335538609, 326845831, 44654700, 479771648, 492804047, 265667447, 335647029, 
250829719, 162277292, 53744954, 218331851, 66914950, 369817017, 100149660, 438781701, 161424735, 48860121, 
32463021, 104466105, 443164629, 296561359, 483749929, 388610356, 356575658, 206671296, 301943513, 262273091, 
351638167, 250390371, 76985682, 183669392, 107636090, 493205148, 37832243, 394069668, 440639105, 21056808, 
265690238, 186796672, 316282073, 223550928, 473186850, 41439453, 167586536, 46584835, 60703080, 80826867, 
374191458, 171223292, 248963859, 453383667, 80378185, 71693789, 385379671, 329362, 48574130, 420961325, 
87200008, 238018835, 461599095, 29431416, 216863235, 493978117, 298849606, 158665378, 324986425, 243324649, 
169867308, 302519384, 85885687, 302209340, 450964051, 115675087, 349496137, 145486013, 224248869, 232662001, 
141919926, 83014952, 108210007, 424972102, 318525799, 223147299, 198361939, 25275283, 157310746, 119754037, 
231279691, 388433392, 339572925, 167549191, 44058797, 457741558, 143068171, 50707591, 357190837, 468928922, 
7473254, 56926621, 388289914, 393331832, 415818890, 281573727, 41009466, 432420849, 461343687, 170263407, 
58553480, 188924344, 415813830, 486975785, 303037224, 7853237, 85285805, 129096974, 317806169, 260858559, 
140331695, 395022648, 409648417, 254196181, 115648184, 115550044, 454276245, 22636047, 411334652, 290143337, 
343883749, 363706146, 4569944, 464365773, 344509617, 441913067, 37027505, 52308729, 369140426, 431917351, 
130300167, 392586839, 170656481, 410471488, 180630858, 157302909, 84573204, 49423647, 342800107, 279013577, 
112532231, 426210991, 380007445, 259302422, 70453348, 41266499, 295491823, 153422279, 449795600, 251382793, 
77522630, 113881129, 357557018, 237015744, 400091120, 276609456, 394778553, 281425608, 136711835, 487287658, 
74227898, 268398937, 211877903, 93105313, 201848696, 265754384, 231804534, 50048639, 222984303, 138048960, 
331079969, 281609629, 243680606, 164681384, 32875903, 31834075, 346457683, 13765933, 412015700, 293423699, 
42644901, 400928518, 242972966, 325587919, 132798441, 472596162, 242962550, 89257822, 439362418, 48819485, 
219278985, 222438614, 444438514, 268152739, 120347482, 366637183, 286186935, 421915980, 329975241, 431159303, 
97689417, 30291461, 488976290, 489019577, 87797714, 407700599, 70263453, 176149591, 485983446, 135636578, 
65260772, 121930708, 430132078, 73957369, 22371078, 53648840, 367515461, 234276191, 225434256, 57136374, 
358329655, 471743778, 169295092, 80689812, 494022741, 139156523, 276508296, 46233304, 440053561, 76561262, 
85465797, 149653010, 260091683, 387029813, 448160123, 432653650, 452070946, 425614423, 53358547, 194469765, 
289941288, 133480357, 83971176, 127246046, 320099049, 287306446, 425184812, 483738328, 465267917, 476493963, 
109702842, 485390403, 272712886, 342315067, 180466238, 290635707, 18815751, 241780453, 164366435, 136048300, 
450548281, 344249613, 160024876, 316338966, 423942538, 324525200, 455297325, 452434160, 368021104, 140858862, 
183791859, 438484312, 278993741, 409862287, 232496490, 318232248, 334694338, 447191460, 473600619, 276172674, 
81053180, 97196111, 150646181, 426938156, 423155373, 395591925, 97444052, 458934855, 354336762, 184454038, 
482907317, 336003061, 44110312, 153812533, 388068385, 340416869, 277270400, 355136052, 144480678, 250813879, 
348976437, 394300665, 171698057, 456724071, 141213355, 231836646, 36912743, 411577893, 252213240, 439065858, 
86122768, 161593634, 409267697, 228430638, 423190539, 490644671, 424433232, 486416563, 11535234, 455915672, 
29824050, 277101684, 453507912, 36388885, 268944807, 194655832, 186880365, 152113016, 498949286, 87256205, 
44451853, 121474854, 417572577, 487632157, 246348271, 481076456, 79428972, 475969076, 350705162, 266401816, 
495883932, 392516360, 118764880, 82538573, 100398694, 262685060, 301415406, 115436096, 284636602, 16078075, 
22108345, 174701559, 469948535, 45969814, 179699673, 66941072, 492822388, 390596519, 279994773, 23221831, 
268497464, 53496058, 72636606, 421561704, 463055919, 36647415, 171721373, 458225654, 191123001, 295636207, 
6757601, 199576990, 478436938, 403617491, 488541215, 197823591, 27224560, 287049050, 164359796, 188382031, 
212367173, 332428692, 461148397, 342843380, 24013605, 137069216, 6030116, 333220131, 492184604, 253184901, 
339960335, 186586201, 328075357, 227017278, 178561331, 407208175, 415217862, 191169569, 254049429, 82418499, 
43946393, 257792645, 324162370, 452041085, 400750034, 107883685, 223815120, 406819528, 315263768, 386070320, 
296010906, 491772814, 238064630, 161584131, 362007437, 403499482, 240821548, 56307358, 225748215, 25627925, 
258881086, 141479753, 301850396, 388468940, 169020230, 7508669, 7401092, 30707603, 387819782, 373628424, 
480534195, 255616365, 353547668, 330244900, 74488837, 259351069, 218836022, 357944222, 26831612, 407026220, 
290920365, 415716089, 284266979, 297968887, 112298832, 174021568, 430141220, 385438067, 438435582, 200762745, 
326163596, 458039781, 408611181, 85789128, 190928687, 2191588, 208407056, 467595317, 482807579, 25302496, 
262490332, 259420592, 61088683, 153517134, 248816706, 108652097, 321010966, 211511595, 268261684, 125629245, 
11851526, 76826302, 308508757, 132947902, 462104873, 230093370, 84424741, 300579802, 68382853, 300569720, 
371058252, 218923251, 213213746, 28991171, 465348546, 66443033, 32260223, 311970809, 253824870, 369330031, 
389440609, 325606892, 162083135, 371097884, 385399044, 170527262, 391718857, 388348790, 114420604, 416782810, 
402403427, 322506039, 271841075, 350876482, 418901987, 408316012, 203199189, 36822049, 487091752, 112766220, 
345518094, 163396688, 327227184, 163724812, 179599000, 464757592, 123287629, 339970990, 33553139, 141112971, 
296258475, 374665083, 344827263, 110087375, 413870844, 245772520, 40665678, 243634432, 372437942, 134990614, 
144613654, 34137271, 93095616, 373279281, 73457228, 425177957, 411063285, 447509133, 420323670, 39938398, 
419974988, 488348463, 469427129, 216943198, 237267669, 439043216, 157656849, 32319353, 398776219, 62867316, 
135864089, 171119051, 186821197, 32054417, 422138152, 143171550, 54202117, 205812497, 497753285, 332881280, 
390144014, 145132467, 282473745, 421359131, 377877110, 85294202, 248056932, 340701811, 395138113, 300085405, 
488147945, 305022727, 287012951, 1070426, 459310854, 271552380, 470373169, 268605153, 290979092, 105562617, 
447940413, 367928760, 429386435, 186869933, 294723902, 243202108, 487533493, 159488700, 61485947, 427660908, 
466809961, 78985841, 440028077, 365788346, 113765003, 309941869, 284598876, 465822432, 396091527, 434855876, 
312724029, 153243461, 9176832, 105991049, 341478927, 358746968, 19865423, 481827182, 465851775, 152840458, 
22492172, 334607164, 419919189, 63261018, 23930670, 495492539, 162730292, 158450573, 410831344, 118014976, 
50308556, 374778437, 229106904, 114547994, 282815062, 58693490, 4018873, 296564722, 483197902, 231678669, 
222326895, 170067229, 321846554, 83482223, 213478112, 134094485, 242989388, 201161585, 289740648, 246166508, 
293304709, 135734200, 378188006, 230657444, 34441215, 26825458, 89270328, 145221398, 330971605, 330928369, 
158734614, 35922265, 119540624, 320750058, 481702603, 265557255, 367909007, 349974442, 361649510, 376268286, 
219117171, 454339797, 183903130, 149115307, 431162432, 225773320, 396012418, 83610489, 423492720, 59861209, 
33270086, 409804921, 45416242, 495841050, 207986127, 237434645, 406470668, 111786061, 485031832, 130866590, 
388568043, 74410284, 208455485, 13901269, 234314626, 135598875, 23486415, 477034745, 493935610, 34732762, 
36401453, 30141046, 444864920, 217232552, 84679228, 477374953, 111618560, 227087347, 134078845, 460625887, 
242195755, 25026084, 432360413, 408134679, 105596835, 200726478, 449628671, 141555382, 230015150, 32286495, 
234780230, 385951445, 120536758, 137478397, 22731811, 70158128, 152178822, 402986204, 64368393, 209628401, 
493579464, 41697094, 18518511, 301978170, 473031150, 421355525, 456660614, 70987441, 105421739, 426113714, 
14752099, 242488351, 103840237, 466457969, 410068028, 12873445, 122962705, 256908379, 360189105, 352972493, 
206898335, 341063680, 318677133, 68344770, 24427035, 137825130, 334717170, 14611495, 76733831, 79374914, 
256658995, 17033866, 107202862, 254583017, 145543655, 77453101, 192972056, 325413, 268227566, 72858349, 
291120494, 307356143, 459250806, 315459177, 348229444, 177930378, 51946208, 273147927, 187759636, 175137285, 
2414478, 201015003, 368774883, 67982902, 404728861, 451681231, 449886655, 195824196, 427903511, 230671141, 
248607148, 110809616, 126053391, 19386710, 118311031, 174427642, 493591731, 101148568, 111245786, 439197125, 
210521844, 364408962, 448757021, 319432331, 433814669, 319778665, 401566776, 466214611, 243923023, 406880060, 
196157726, 94622946, 197596362, 389360084, 232667044, 186022501, 251756713, 70850303, 126609565, 152914742, 
14887616, 233767214, 360159777, 238618804, 484993079, 18639976, 302475128, 368219267, 163630756, 351266044, 
490531709, 108800633, 394955705, 335759211, 246729109, 477451560, 240560783, 66820556, 209449642, 199808266, 
456462609, 33461879, 468350173, 222732936, 484193049, 17578420, 242682970, 231778251, 459649230, 89020083, 
20747067, 384957075, 48351563, 218809955, 339263028, 478827823, 178999003, 7167916, 307052696, 477947473, 
242321548, 478524036, 38385423, 143252262, 224326279, 176920127, 355043878, 231076665, 344070222, 496489822, 
344853897, 69291293, 164752178, 110069610, 476565216, 439016551, 401700501, 406805256, 95595299, 234883372, 
328413880, 306619899, 358926163, 69236924, 444250570, 15132551, 454349766, 388233154, 47784389, 132696879, 
302557527, 419603985, 72870910, 110098347, 425634389, 134499096, 324789789, 201829913, 491202173, 360406893, 
480323218, 53937905, 128928185, 124946136, 443566415, 129430258, 266949231, 273364683, 470746820, 191125999, 
201267099, 215274220, 99040729, 125172947, 266968492, 61827585, 460105404, 284595908, 124710419, 381723906, 
290635853, 129555415, 358878360, 144608669, 292455075, 125672402, 105150922, 387534299, 164104861, 125995413, 
390907274, 93103255, 299202223, 354285573, 392097017, 12087192, 40969395, 199830098, 494459738, 38116621, 
45150657, 478076757, 79371612, 254664325, 108758694, 123737156, 330600766, 68886448, 406008559, 448315968, 
232683057, 244135096, 334206808, 443369007, 293739129, 186685747, 119226930, 337587349, 284254174, 421281014, 
345432909, 22180160, 375614929, 81905909, 174893501, 71896626, 441546909, 76429881, 278456162, 57922967, 
53149014, 220266659, 144969589, 419666250, 50145165, 416580582, 346720015, 122052362, 395143413, 310519829, 
478457983, 492490224, 397527208, 90700605, 250385506, 114655374, 360885056, 155872783, 400227125, 290176317, 
25373772, 245366855, 221442439, 259373953, 441473750, 244010743, 66372513, 346056300, 88875043, 353641850, 
125232134, 120399726, 232418429, 88130308, 405552062, 78270417, 40675038, 235167725, 275631022, 28603566, 
400429460, 296165897, 92661458, 308464306, 463987045, 443934424, 449595853, 341788182, 92233728, 108951500, 
438960153, 458837047, 326332984, 81428750, 265674255, 481829658, 350433419, 389655448, 91986929, 375494980, 
47006137, 112826871, 305955400, 401352626, 232139680, 441875185, 338612446, 5451322, 223775278, 253800004, 
449926922, 300088929, 52610969, 162179001, 481756516, 292073144, 405576440, 376403966, 214894655, 220276656, 
297335030, 297617570, 402737776, 140823880, 120965662, 499336954, 189960439, 169250905, 344164877, 163454265, 
387550942, 340771919, 109571547, 137093657, 400517448, 273719152, 112486422, 353403208, 175517845, 142205897, 
95761831, 357529597, 345318579, 298774527, 416267458, 183536778, 270482497, 320499023, 446487897, 239610743, 
121508892, 126486128, 116674506, 312555629, 260958833, 388778902, 251188936, 99455203, 44501649, 229044220, 
246338165, 415959590, 495473569, 449106445, 102471134, 260411294, 193442260, 289139268, 269412639, 271877020, 
123726698, 306109192, 156425585, 13476976, 482850882, 175060344, 165231771, 98720705, 340124684, 57939877, 
96793477, 267403336, 337640578, 76080671, 566160, 124164967, 387105016, 107620938, 419365890, 163073091, 
365287077, 43116369, 348837170, 273010283, 325707026, 422652417, 403904866, 214281011, 162868081, 203821363, 
56656838, 292750773, 16466037, 71438154, 334107422, 374143161, 173778164, 160467339, 159961660, 153034034, 
358991456, 73993403, 375528241, 380782528, 109255304, 123355938, 212397498, 4224099, 59967453, 245151331, 
451832950, 369685711, 160585813, 387084414, 171727444, 8631146, 274619345, 221540791, 362310265, 244424774, 
148098661, 240591234, 325406461, 393278951, 273452026, 232534302, 46811815, 339183960, 278083099, 269150656, 
234010858, 145231183, 342245389, 175793275, 99034674, 423049431, 161323804, 208902070, 70543233, 407606849, 
27581163, 404714501, 32352017, 376743449, 219284713, 144202535, 14662663, 99767308, 306749375, 265065985, 
405269871, 266003160, 70358995, 218589311, 32081928, 136082530, 431847286, 368014817, 247865750, 350583716, 
96510837, 388198001, 243606892, 44015889, 421069474, 292611266, 179664871, 285331117, 79377781, 14658733, 
21431140, 490852524, 115708031, 221141612, 359988211, 261779543, 25205657, 111796400, 138631459, 193647328, 
382013591, 238900191, 496068375, 8561361, 31498814, 207926948, 379498019, 161829769, 98880170, 271512546, 
396841642, 15106211, 425502129, 175692738, 117998238, 120584415, 46575740, 150587557, 412130791, 211740841, 
153441463, 228607010, 1057235, 306875245, 180243498, 240703570, 344377642, 407610470, 108302619, 261734161, 
73494869, 271604723, 195522147, 344643206, 120208032, 480626631, 388092393, 390101562, 433583383, 79358582, 
439464691, 275950855, 18528442, 213573122, 360965957, 437361987, 304065696, 329532851, 236404781, 420279777, 
318463889, 78213175, 451095760, 289635232, 271185663, 464666685, 93146253, 49424815, 477127983, 226427598, 
499493615, 155788100, 433934248, 18608102, 145818565, 207748755, 470948311, 347485155, 92332757, 484454424, 
343218491, 43643412, 70698664, 27411756, 370507948, 227375033, 40883729, 163718114, 20166368, 346376012, 
129439672, 363634498, 471166830, 25313898, 34332575, 230174073, 451284294, 217840516, 478023122, 133800713, 
445324170, 39848294, 401654262, 139431632, 127987226, 46768850, 467926752, 495956279, 377028841, 111818698, 
43960249, 199278226, 425080303, 264105307, 417018675, 346813618, 469502041, 361324377, 144356395, 399365169, 
400316274, 193363973, 140239088, 447947340, 163251966, 332731730, 25717974, 304857284, 470600645, 314626572, 
295460897, 193238528, 349175395, 467891454, 463657228, 129596364, 458308044, 131520040, 24064613, 17491937, 
403759485, 304735573, 29521686, 173393268, 466374317, 286202366, 280233193, 389159262, 451592544, 110892760, 
290623060, 256961285, 100183459, 98771195, 67897373, 142602239, 148793326, 298129423, 396003504, 278681753, 
122094275, 306332748, 310124956, 329251560, 106306519, 55401463, 417086767, 16375541, 104027481, 436749633, 
67267239, 144730550, 457359499, 390125416, 136311308, 367596809, 359474788, 430029939, 38771760, 403846024, 
233293084, 286712526, 461427518, 179566260, 19652926, 68703231, 244761574, 104582831, 271219423, 75484719, 
122402933, 386887922, 90854146, 386319979, 32656778, 495658325, 370475648, 293217922, 267054383, 28583785, 
302120301, 231512823, 328835879, 263226172, 66514302, 280968506, 9644227, 158513147, 283037538, 8515803, 
107054732, 266351608, 92775448, 146117476, 465522896, 40405782, 421756002, 425743629, 183544048, 146207049, 
390014646, 49869652, 306979509, 294386714, 476289974, 208378606, 68839883, 293463888, 248654495, 291404297, 
115371342, 384448962, 114877750, 119633852, 30909656, 266755377, 309564161, 328310053, 116159034, 492907328, 
154649335, 310983213, 100525613, 16844812, 433134017, 298155801, 42378005, 361471852, 377759484, 372435290, 
306156050, 490614632, 253247512, 7064189, 264668103, 262996678, 260072708, 101317140, 287778101, 90831379, 
447461870, 127464017, 138075302, 131899988, 308598578, 252582076, 254440985, 382016589, 59519908, 173009241, 
338676739, 384824917, 166227086, 446206560, 281390407, 7592268, 371832340, 413734193, 356796251, 434507614, 
344176980, 187732184, 203314057, 177105214, 464616720, 336395065, 240677546, 70244430, 296406317, 284566312, 
147203827, 116360288, 394573357, 218861845, 369782586, 398574643, 304049405, 80338552, 421795191, 345586222, 
443322805, 343677505, 126406839, 267103295, 344187551, 421853095, 364583191, 470842657, 263571266, 122177205, 
7322299, 148391716, 349029946, 17688835, 322759583, 69360085, 375432684, 56509447, 231529915, 405501322, 
250025736, 117358741, 452666405, 152541961, 331480464, 212495847, 239183529, 173244221, 469902269, 467490474, 
71456578, 36407775, 473734938, 363820685, 246053867, 16841436, 167802758, 223916802, 188957012, 134412109, 
373368966, 11072250, 299565147, 497267948, 163836695, 117633897, 394258647, 2922392, 214565881, 281854802, 
192442606, 401500193, 446621928, 472482096, 435786487, 323986987, 390753326, 489061920, 96494061, 364062353, 
58488725, 313232363, 452086754, 53450019, 60087018, 232937960, 113758330, 169024300, 356427971, 367490371, 
156929677, 227752262, 280346247, 394409492, 10954794, 38904837, 474111490, 93797458, 157335084, 400144071, 
478195543, 334104734, 483726981, 1205790, 232608467, 378600816, 369404661, 47019786, 234557239, 203161063, 
206380912, 204989031, 459206817, 2533251, 146144969, 360530003, 360401509, 131799615, 167846617, 237316492, 
252532243, 448165702, 156832261, 227349906, 241034073, 202133133, 263607676, 344564939, 230073695, 63621607, 
455323387, 310282199, 9555166, 11829732, 155110169, 134808418, 475475999, 400687246, 269177693, 366084582, 
9727152, 419813297, 497528815, 94001139, 476468968, 170522076, 475581380, 256770497, 71878994, 335492821, 
270081970, 356026514, 396834278, 464359197, 133838248, 55951453, 212908277, 46591585, 184661759, 198726640, 
66553262, 444097691, 143495411, 465248592, 318844525, 293061205, 323826881, 149207180, 293991674, 356217470, 
282756823, 234708002, 292484840, 250653001, 225526027, 241480496, 206345068, 237721943, 427378238, 249933463, 
176108146, 243408133, 238827665, 225055733, 263882598, 15366871, 407740769, 426266200, 5833582, 226719285, 
129602249, 391734125, 72517334, 472793884, 253283110, 347869251, 218745618, 116400543, 459283841, 452870559, 
222333443, 334363419, 396680570, 376912349, 324976540, 184180301, 464568263, 266404791, 323485946, 314697168, 
155596394, 347677382, 9021584, 230344276, 341249098, 340380395, 114008097, 378138057, 87486489, 494571463, 
129625068, 465151553, 110446286, 291927458, 422666414, 175958791, 390637617, 445152725, 232989224, 342434196, 
307664523, 159828290, 238986918, 375756097, 434955508, 83981626, 356966204, 107404001, 346373411, 131859743, 
18246387, 274484378, 82930255, 66218297, 100773135, 139272113, 36748709, 125359901, 234230679, 428455041, 
445240371, 469590092, 139881996, 166147651, 307209746, 320939289, 138638774, 222734312, 3006334, 238497173, 
432641671, 282618361, 136669725, 375940743, 491434504, 323766834, 386763020, 285001142, 354471688, 22533728, 
390280798, 369782209, 434431916, 491852963, 31746249, 271695419, 355763662, 69870758, 320517806, 328585623, 
82308477, 195406307, 374061343, 92031165, 99977345, 415554493, 254675611, 50161633, 237165917, 134322549, 
370946452, 270641577, 80850388, 193392997, 36907413, 236961027, 196338336, 161291595, 377451865, 97755519, 
402635350, 441370913, 320764398, 11061289, 259917978, 237195995, 306278562, 323720847, 382938193, 385974841, 
295301022, 456072134, 20095673, 22878616, 418760844, 23295786, 250890769, 403024818, 147102182, 24316655, 
90453261, 60794359, 185027175, 181675730, 30417769, 393022998, 453125855, 306597215, 305287555, 253289493, 
152497103, 458299027, 155318359, 157037684, 245873951, 366258920, 380334010, 105222036, 47926588, 46784051, 
388637391, 82426198, 236757969, 143142452, 188075565, 29362099, 334699437, 313284678, 402114402, 360020133, 
134524581, 417710447, 32518398, 276451544, 417033812, 327733930, 308662169, 231373839, 24042779, 256139093, 
471045273, 459940188, 413293233, 124049724, 118664276, 105021144, 41585434, 199560642, 41712705, 1360830, 
166215662, 23044137, 320586126, 421517531, 292455854, 26088976, 309293827, 251934200, 142618871, 287498244, 
47748655, 353503105, 5382899, 356773141, 347296589, 232361633, 115918586, 386958768, 240738652, 350386087, 
22753206, 192323086, 2983677, 406904487, 292513725, 360023600, 484971063, 35574089, 248324304, 80520568, 
52149268, 341524906, 372332766, 145104973, 63084038, 99014095, 72630698, 76750486, 488029127, 156494280, 
106552811, 435127014, 224348871, 381828774, 361368202, 234840043, 67191257, 178617, 322669327, 477676845, 
348067507, 224197383, 475959471, 253000599, 156573447, 47560951, 347933510, 205830811, 398438284, 124265712, 
182743996, 194362418, 392668797, 467437627, 437299964, 317680213, 317279402, 89920500, 179008163, 499867346, 
453750715, 248264531, 82578147, 210518217, 224291227, 416573417, 234902057, 345795651, 443984013, 266825929, 
387965698, 416924054, 304655778, 412007570, 53985962, 5426489, 460801567, 56273624, 226572019, 47601343, 
431666001, 174508533, 53165770, 140697292, 218339353, 477429763, 79823846, 19697594, 209784235, 409849347, 
406798731, 49410017, 151448980, 351737274, 197279798, 243467250, 102627574, 422229565, 98916638, 439300608, 
430854395, 155207192, 419605596, 453017450, 43776469, 385934984, 221513498, 458254781, 28545156, 281522169, 
409319390, 167242159, 69499614, 286172456, 205641632, 400173136, 184358597, 312738093, 198138424, 354724859, 
443725727, 43541625, 275612177, 340770565, 73569185, 375100401, 103736237, 94451373, 498036876, 317508537, 
162161406, 15384948, 272215753, 436608684, 317971253, 400968742, 392990383, 289909358, 71853900, 103106218, 
91813230, 480388367, 244469882, 55717702, 241373656, 363892359, 162356912, 243039048, 357361485, 347327053, 
285641944, 452308312, 368091650, 432164425, 206357000, 191844684, 388966943, 39564536, 139703637, 257847465, 
111085580, 423752248, 215392464, 116058546, 145401077, 267822499, 321646069, 481003767, 20277478, 391127458, 
229003942, 429036309, 352972167, 447469113, 385220064, 284206281, 247456192, 113699448, 138895203, 132258784, 
198244268, 332510373, 489950994, 407656191, 159103480, 140373517, 213104690, 455861118, 96351939, 51291442, 
224479219, 27306002, 223002820, 445165269, 108306809, 470580258, 382570750, 163630362, 99184825, 379481576, 
477006468, 420020916, 310002807, 412433869, 454020654, 488437231, 141841499, 444951365, 56018740, 286311055, 
412240091, 6459082, 219374627, 270382837, 467197774, 273666075, 436538936, 444459905, 383890536, 18952657, 
101793594, 357754510, 437997400, 392329474, 95395849, 235209479, 344275682, 314834382, 77002726, 164343807, 
436906535, 178423647, 66293842, 346383986, 110720789, 313705214, 441837254, 183212856, 35201622, 294383302, 
165684791, 210892312, 308687330, 37734576, 27522002, 308285761, 61947127, 400933682, 256528179, 201782820, 
476487999, 140536507, 243456105, 332801004, 301162257, 19497897, 62003855, 427294995, 380592842, 296502423, 
341471307, 414792822, 195438032, 280048318, 360670975, 339411589, 208828865, 126187119, 276814979, 7197887, 
450619028, 486749702, 482565802, 177365783, 482027338, 138833137, 366539351, 368798144, 115496721, 218303234, 
117173086, 8226650, 95594368, 291754985, 458663834, 434369801, 69774072, 342292674, 397654532, 393722359, 
210672365, 339150408, 69823489, 81442469, 444049424, 328177573, 191058058, 258865371, 36435611, 304744965, 
448050218, 49883827, 104633005, 256802060, 308080687, 80430075, 360347045, 229748128, 224820238, 172720960, 
163588304, 94513189, 481344581, 440218512, 406492638, 238023826, 355587926, 277322064, 442372375, 345176371, 
249067270, 99376285, 123113427, 468894674, 498542716, 51508817, 468414001, 121189856, 185431068, 187353195, 
8236144, 111205039, 264349772, 343932817, 119464977, 463978118, 372761734, 440225106, 449940232, 377206523, 
398264372, 243451533, 363813548, 299452317, 72520445, 457499451, 275625603, 176385250, 259616442, 134322076, 
453640395, 183757417, 454238015, 109446463, 144342067, 127954999, 203466587, 32656545, 287836956, 155989317, 
181490563, 201353965, 301461802, 166863206, 29254983, 230379932, 136012710, 80938408, 287624309, 215389383, 
493356624, 48967695, 363617149, 426374950, 265867969, 447878957, 261719002, 403173304, 363859326, 52155008, 
222415833, 52278408, 439348706, 8921923, 10547584, 475341258, 15942533, 219440707, 445590328, 11928693, 
319784962, 272256577, 318839592, 414012505, 365548466, 388619783, 7052660, 425207858, 345963043, 354093328, 
470153579, 214894125, 83600702, 480462481, 94340881, 496996673, 323677857, 386488001, 295996235, 398730061, 
31264210, 488829194, 366176234, 371803176, 88845957, 358812875, 412801554, 350335464, 104876067, 89407553, 
457461972, 178654525, 123627419, 34026105, 474308, 332750851, 10328874, 134762819, 355917847, 182903733, 
143932537, 86114110, 431302007, 190706945, 143838848, 420949449, 238377993, 453181115, 221008391, 169326080, 
55287757, 486154176, 104447323, 29167119, 393284435, 371480655, 200573166, 33833526, 415887557, 158865269, 
107786832, 73378621, 371782844, 297187018, 74854747, 177849018, 32146406, 59408846, 202215151, 12511741, 
203654188, 332706897, 53767785, 185886401, 498585376, 447132488, 358299541, 88907456, 262753562, 209328643, 
307436051, 130430481, 310605796, 419111420, 301724586, 102704806, 206049919, 208360026, 211644899, 172257698, 
248803477, 482977654, 289357864, 188413504, 305884131, 103278250, 224581651, 241173293, 449554985, 316473227, 
51492400, 302686477, 41095897, 147467144, 51770661, 36351564, 381372363, 292432501, 22657343, 296803082, 
216735352, 229379577, 215600717, 155825843, 379969879, 142636276, 414694311, 181081879, 98288322, 388398640, 
100164096, 185406997, 238426433, 112141927, 391089619, 293920026, 203900546, 87091716, 114809287, 272843520, 
322431017, 466800443, 212199259, 34154666, 91203129, 399457245, 199941232, 436690249, 23142155, 126027075, 
57793550, 15897493, 378944171, 348387517, 485059662, 333519141, 469187748, 416484795, 404277171, 60635954, 
432734867, 240039444, 105918731, 174753864, 252690808, 124888813, 396237931, 425443686, 223948539, 159064073, 
30831880, 55217012, 182539288, 299115691, 117360707, 304760690, 141039139, 173989968, 185032769, 79928961, 
37490384, 159782560, 343370437, 225763541, 73766760, 153949539, 169173001, 143973559, 197065070, 205140044, 
443910479, 109730167, 330839115, 219067226, 270327892, 165557849, 201937044, 28650625, 430693397, 179612883, 
342116329, 492657628, 414830409, 316188545, 210017103, 431031311, 287104138, 21087258, 173132396, 244333542, 
435897410, 359802886, 496225096, 368984216, 79186921, 18248524, 157038831, 498120391, 2848616, 369405079, 
243219430, 283203157, 226557531, 45510557, 118399557, 277396614, 442473385, 284322331, 238260423, 145149793, 
8198923, 95601899, 404899528, 242488697, 150540082, 82515288, 107739445, 319252074, 61026819, 168995208, 
278670640, 176872605, 343076918, 157159312, 329090120, 469130061, 252552830, 29191354, 467931872, 160710050, 
397797261, 30664878, 206671397, 179338287, 251088844, 76527679, 36046066, 302938974, 221974586, 492827749, 
461340679, 148377248, 461892931, 378156278, 71868698, 42248921, 158892023, 476225438, 395248998, 400171941, 
68153779, 369201073, 371004737, 33124387, 100256887, 47328970, 250121459, 246874071, 66317278, 400866456, 
189939025, 108865884, 27125007, 25778904, 175778487, 419481945, 50732887, 166410498, 158383453, 196394882, 
352917552, 352452168, 31805455, 154741851, 374202870, 359250833, 165033269, 20569364, 146846459, 191443793, 
4340025, 270897673, 87737571, 438615885, 438908612, 320122419, 367950806, 33420118, 251707772, 406931855, 
249782738, 323449147, 52828808, 263493511, 401645256, 181326512, 445255205, 94712326, 308150301, 342771494, 
54016394, 9027219, 186633352, 271203408, 50288841, 476604427, 27916192, 456828684, 371787133, 317772872, 
390738025, 378315605, 191584951, 498161941, 251883800, 329732983, 329108635, 469103167, 180693940, 478838174, 
353193566, 325670536, 206399524, 234206026, 347707608, 337529399, 496027694, 189056640, 108061743, 298248786, 
79531027, 222643145, 207010519, 147893374, 34457448, 212769741, 128410034, 362706151, 411323792, 288660462, 
386495164, 388781261, 375098122, 499859211, 297634433, 207643774, 72888382, 99687783, 282250134, 328333693, 
411261307, 415710288, 469418467, 114824584, 467513438, 192845551, 389321361, 312996036, 139267557, 28515301, 
340165981, 141362955, 423051941, 125863725, 364141575, 176066530, 343812398, 105418493, 286598987, 65654078, 
389557192, 93226743, 37809024, 266875452, 193863367, 236014664, 215858765, 150770532, 153588370, 281809727, 
29774557, 72575495, 122872632, 329416407, 412651401, 498547092, 249643133, 208669, 379767069, 467756756, 
37551418, 18064588, 248368083, 171117649, 288230093, 102367771, 15265165, 189736548, 471199061, 377262352, 
182526422, 438942298, 309337377, 346381912, 81648902, 143264417, 421537704, 5456373, 58559564, 306329664, 
429234361, 342016900, 106974022, 87327945, 36705202, 181444211, 208734444, 474530940, 425874040, 418501458, 
148074395, 415202132, 133381053, 12663451, 68457507, 26953893, 126351921, 29905373, 84822532, 247461500, 
265724739, 19018160, 232819382, 469884689, 431088503, 170617678, 162908075, 56641193, 90369032, 433490738, 
130928974, 287858952, 86592074, 349961599, 318562339, 24323070, 17947027, 374422984, 477578927, 81178555, 
439381636, 31153007, 257384324, 84076691, 97565980, 158501242, 456007585, 395312197, 277663762, 98437604, 
409824923, 153234300, 301489736, 49761402, 382252717, 58378587, 190992238, 422995819, 10761775, 25951053, 
83590616, 173571247, 104755109, 486791951, 440648106, 464965243, 295402559, 113178542, 187916427, 195314117, 
265223865, 371726707, 203902158, 195490851, 212171072, 138649480, 234870232, 439696186, 294378930, 224441330, 
423758523, 425413857, 113343165, 417708723, 353348777, 41271806, 127206209, 418267235, 51037020, 440295272, 
206991085, 362040458, 141182456, 444184937, 31136825, 302688972, 150873295, 258677663, 86116893, 413055053, 
288166641, 289108223, 195117181, 418237726, 144943674, 196387456, 295351193, 409001993, 329014733, 34776461, 
142949939, 324141394, 11154980, 358403834, 253077616, 115726707, 99251993, 441911289, 371380329, 71730682, 
213156396, 65540293, 495185280, 492327914, 54340073, 72651130, 354285799, 496946539, 146145375, 477029946, 
497308352, 339955243, 323338518, 1005675, 386366614, 216243303, 245415607, 445341832, 100389256, 99100109, 
126674840, 173324286, 363470775, 916117, 457134977, 48303973, 115856550, 434767613, 56522881, 227849975, 
267603039, 169895190, 484425336, 199195230, 252481740, 270630526, 408641206, 85918241, 386752112, 473817603, 
198811203, 25724909, 379232386, 14507506, 82753321, 9773998, 268766519, 132953246, 360100410, 260955623, 
348480465, 107655194, 197766623, 63833391, 63247303, 372146446, 87459187, 27309597, 226817834, 150456046, 
60315386, 488693654, 3293271, 32899903, 420023420, 31884552, 299083558, 393329753, 243239552, 477947695, 
49119957, 279360703, 327091889, 336343085, 277251105, 270818707, 6149697, 357912838, 51691068, 153404408, 
34002018, 464914450, 484754768, 103483470, 331234739, 475831732, 177114144, 98160779, 450871597, 71112613, 
206898261, 241404046, 51709896, 160882792, 454765352, 395315294, 314712882, 7757219, 77874539, 172379724, 
78162859, 424638958, 103739085, 177023354, 353924397, 135710520, 471088820, 180526780, 13012080, 286472702, 
419982400, 330693827, 214454379, 60191977, 137127196, 263754176, 450346094, 363218409, 471069320, 127531411, 
261863796, 29635012, 230656980, 445043933, 271144794, 474126248, 192762270, 267818835, 120735228, 84551855, 
350143878, 359143246, 417285414, 43980078, 461017246, 299399253, 35118372, 240804716, 255944490, 201631295, 
442383007, 140781275, 290207047, 203990158, 33916242, 330569891, 95497396, 243337787, 127511416, 402596369, 
381595462, 190170823, 11216114, 352732469, 449392194, 254040229, 191513643, 401164589, 201985695, 282015373, 
400591415, 13737793, 482271796, 45917960, 35397375, 68784223, 12808485, 89472709, 354124493, 239230362, 
395754355, 454808312, 241986086, 192239081, 367184935, 90564830, 79012824, 365548899, 319320795, 84058635, 
225103723, 400487524, 82765228, 24402929, 63757179, 167397767, 111735411, 463645940, 295037918, 402310912, 
94356481, 126307424, 469379304, 448481374, 484925262, 345857663, 111426419, 70066139, 19014207, 43426317, 
398767581, 246590260, 129828267, 433818887, 309152520, 198761396, 258536603, 137587093, 124689067, 27557847, 
328268622, 471432149, 338208202, 186148796, 299346612, 231131626, 424923653, 144562027, 58926397, 381597670, 
475914023, 56881123, 454510066, 307613146, 316455075, 38974045, 47187656, 263568780, 185119952, 412225319, 
