215622808, 259079004, 64716959, 351526328, 334361603, 380649753, 142066277, 215560840, 60733369, 335905371, 
161207149, 347854338, 88779286, 256526002, 94160968, 170678438, 246123675, 128223781, 74870642, 87900201, 
161363603, 129068900, 326427180, 317376081, 498922886, 326247798, 113709101, 362499324, 294567405, 27708402, 
203792539, 451747572, 95039, 446096383, 471007730, 491467333, 19100089, 209080465, 498827352, 459936606, 
236205861, 194448541, 305123121, 142967554, 371229173, 148802184, 387190196, 17814232, 471882601, 238662764, 
99508169, 141059465, 287965549, 28385068, 53103401, 110915140, 278592008, 105053405, 376024553, 232802572, 
150299711, 291783312, 48067747, 218215475, 179614113, 50069477, 64303834, 430463541, 362109961, 16322974, 
326505823, 317541725, 219760449, 187591072, 323723436, 492575618, 39895112, 343217820, 177289389, 126518740, 
60782017, 233524740, 29688990, 487071376, 296274875, 170252602, 421911699, 323388717, 117182345, 404490673, 
324753756, 366748371, 93311052, 456463367, 322028096, 75384143, 73074746, 87282854, 340056823, 154379774, 
50224267, 74798463, 390395395, 312771706, 498698005, 306429995, 68942915, 175857393, 342601971, 343937598, 
468549921, 72260412, 137752714, 137537049, 261566691, 131337877, 53328911, 252642358, 219317283, 416550276, 
308687476, 361848389, 393556011, 279446752, 424721084, 321841270, 49274309, 223738697, 244315199, 56198628, 
444535785, 435196860, 294554256, 155829838, 435772443, 287564488, 174106392, 108659986, 499148532, 299640747, 
79552115, 482065500, 9821091, 346112468, 99268918, 150041918, 234742223, 34842187, 121945324, 145210596, 
276663647, 317122976, 290742054, 157899041, 41091421, 127663842, 299572959, 303873764, 173522897, 444938791, 
232335752, 151873510, 295451395, 237158037, 185422338, 171780261, 214752200, 175511705, 178781984, 273449894, 
276887970, 159709938, 330783974, 401738953, 153694777, 367896967, 189496261, 126177127, 275277483, 138793086, 
453800009, 446635760, 182470487, 200241251, 206164478, 140095375, 464781976, 121343132, 254413755, 445419325, 
482569851, 82908849, 26421902, 95521325, 277995026, 88889420, 131974794, 73009901, 181787010, 321763195, 
441938653, 470749647, 408360953, 412959322, 334412872, 285800969, 435022078, 194325264, 196325251, 47586302, 
11550906, 382022651, 9390926, 161412968, 49114816, 153434279, 499456002, 366441288, 307310536, 474102511, 
432721891, 384315043, 81200442, 180144267, 228452842, 158790979, 57236131, 56073849, 349077858, 39096052, 
255386305, 1272920, 377186158, 421658763, 54851477, 319680092, 458798469, 164868220, 248011885, 241418469, 
181949695, 114418, 199895106, 252537611, 188023739, 151602040, 93466166, 272028875, 333816474, 445541523, 
60573089, 102982438, 367025688, 442803254, 267455956, 400890783, 444305700, 321073078, 491766167, 350315035, 
315114703, 264635431, 111820376, 424525170, 239599199, 141552664, 210764304, 16515654, 128387169, 73298164, 
407005576, 166578146, 269442182, 117606857, 336222684, 321912384, 101920190, 282144508, 306115897, 194377533, 
254403897, 267747180, 68542712, 283840575, 313496788, 401667370, 480221828, 53881007, 476607464, 94836546, 
245114146, 128181895, 268671108, 363605841, 67240160, 253677597, 38684249, 250351037, 72433857, 491434101, 
54802414, 58361417, 300568477, 248963985, 436658186, 242959024, 19189353, 250403670, 486667298, 131539843, 
65354601, 338197946, 93374111, 467240401, 146143980, 135738964, 140331678, 491951517, 409942383, 396927536, 
21093583, 326889148, 132682741, 488304008, 87184579, 400593951, 445952473, 395575860, 447137449, 148935518, 
311606493, 192529253, 306787569, 241175715, 299349629, 203108836, 382935660, 25059427, 489287203, 54743004, 
287084336, 397906458, 310675278, 447891913, 215023487, 456606500, 134343672, 162812232, 236701706, 433389899, 
10923816, 303521357, 274658570, 178013645, 274492301, 243141900, 483652921, 470531349, 353517787, 91957188, 
19035640, 33191249, 289298737, 56477835, 325231902, 275404814, 46504078, 449073723, 140440756, 329694412, 
96852357, 134142737, 236479856, 407827843, 236007949, 87501838, 10193003, 370134036, 350185220, 491839097, 
378126850, 141212306, 396978943, 172211813, 59255847, 498816481, 311619421, 179621515, 475864001, 160790633, 
121425342, 492160152, 128851851, 481886699, 85255915, 266437522, 352555912, 310587066, 197808546, 135677618, 
435089823, 347905615, 477102429, 23001325, 161614210, 218518638, 87670656, 474340907, 448789055, 147073302, 
307133449, 445581308, 312916766, 315873778, 402357494, 470857664, 270436266, 187990286, 10273432, 342294332, 
181124814, 28222715, 281389483, 293627292, 177818348, 271354763, 407684224, 466743533, 346643996, 72987162, 
186289813, 136291414, 421128557, 82324913, 26828465, 300344346, 81311866, 38340697, 431447881, 103465307, 
233346025, 377974481, 115810882, 310316950, 79165768, 25554132, 260677383, 157418565, 69290370, 280373999, 
244091956, 95462715, 24463960, 193809796, 452689331, 327231368, 41276230, 40703075, 279988037, 230300634, 
375117642, 225419758, 198093209, 54965573, 92069506, 347422229, 60851719, 63003937, 59359506, 376450760, 
300010246, 297238776, 489579735, 144353561, 141066070, 305802830, 13557976, 82931299, 350785311, 101754664, 
33129813, 64438728, 456863907, 45941396, 171340869, 489639129, 48085062, 115495548, 241952538, 433712648, 
256108262, 431041258, 459434284, 153910252, 400030222, 462920245, 238223531, 254787466, 276308995, 58539733, 
194253676, 113000911, 417269551, 275735578, 149516058, 365391055, 293018305, 411027107, 25008682, 455654685, 
94637763, 220160647, 344749347, 212299419, 389389711, 105745948, 186774702, 2435752, 324491996, 356093893, 
349513386, 42744439, 449903232, 257192240, 390509877, 250555322, 379483517, 90768579, 97109722, 77977749, 
370673202, 161245135, 439766858, 409380954, 72876879, 251613009, 328213132, 461820949, 110717354, 402540929, 
396979536, 4574899, 119645418, 182035470, 253609362, 457031558, 336530524, 236345999, 499379481, 469595305, 
245283474, 409016038, 412506436, 246493968, 215087139, 12791734, 209379370, 85100664, 161212161, 271163897, 
31939029, 277330154, 130638239, 430093986, 268484317, 342749633, 321949073, 112424743, 140239677, 186072748, 
150583194, 28106172, 321556082, 466636940, 291811568, 70027522, 110756765, 440493768, 129231126, 262564978, 
369542945, 70814440, 31202109, 434230766, 347149782, 85275876, 432106951, 294440566, 228588160, 306966744, 
57738104, 52098788, 72200025, 19855485, 246081044, 312910387, 728614, 222315498, 1658597, 243590812, 
455072356, 469131183, 37447480, 133870655, 113031858, 383764134, 401011815, 446347447, 208816127, 330666446, 
239157366, 314680852, 461848349, 26897922, 22704688, 41373493, 203797783, 437179418, 125518310, 359046672, 
482540827, 66687333, 346869784, 3361563, 477501780, 367161810, 189942902, 58825063, 366163442, 437648484, 
431515099, 386551164, 126916382, 314824143, 493542543, 430674968, 388720213, 170207531, 191852325, 141207360, 
275679967, 405830549, 493566187, 8218007, 143086217, 266190083, 41603460, 279755790, 27193186, 145648968, 
281392783, 476752442, 385238523, 449638733, 214198413, 329877541, 229606394, 39255762, 9026781, 203286453, 
232552096, 17203651, 101336851, 58889698, 442241658, 282826221, 22884348, 65396891, 324308828, 35012266, 
15049005, 468201858, 420913518, 264753949, 112934531, 495335979, 248278879, 484754769, 195326558, 31474485, 
224430888, 456683338, 194879218, 419038038, 419163724, 187025772, 414349438, 332625845, 436141975, 284598535, 
103222352, 392731723, 358242655, 176174190, 462971007, 321198244, 51181277, 303229312, 236626790, 382488813, 
140089968, 311652199, 128476996, 371937585, 291247468, 438570273, 350524909, 204792783, 277395578, 164492659, 
52653707, 426391962, 58127655, 197713169, 471659625, 264014582, 187840878, 77939096, 439665764, 223841132, 
251263321, 385101894, 296426396, 250106717, 140572597, 455251158, 258748762, 486426425, 413357755, 286619580, 
41861995, 128865958, 238301858, 442888728, 279121385, 292240967, 17240910, 489152558, 54769004, 415917220, 
11163437, 492300924, 482082854, 12184398, 77866430, 55376024, 169156439, 84400407, 217919541, 303467085, 
407820969, 336477431, 130125779, 204286305, 57709637, 348297567, 74110733, 196130471, 91234250, 412478093, 
48673448, 211767750, 340467143, 165684849, 306845353, 149853108, 149948207, 121206564, 143270224, 379263424, 
421240158, 265199914, 213929042, 410621213, 321768110, 258400911, 373323466, 16195703, 145386677, 179917451, 
127566031, 164827942, 53084165, 42067404, 203621075, 79783519, 105979429, 369666091, 316077972, 179613093, 
313477629, 455204286, 25336497, 289586387, 160061441, 143468371, 24729881, 495702135, 43539121, 214581361, 
387946372, 206165710, 4437008, 476770508, 369698500, 490459505, 228481364, 89328189, 149620527, 452722507, 
321430892, 281056284, 474946950, 31351790, 168068733, 471912786, 255154033, 283874607, 347609083, 353951640, 
366921434, 193272365, 28509030, 447044473, 147258240, 231453491, 362536241, 30582705, 109505785, 232434910, 
297637075, 352030375, 282409614, 114548150, 172302395, 165815272, 277697353, 109846474, 8920448, 498557348, 
114505636, 317025467, 452928049, 381079102, 195073693, 183711263, 19871342, 333512540, 173393326, 487544630, 
3860989, 106029045, 435100613, 42769185, 375596418, 163620944, 218944912, 407487836, 318277818, 34087806, 
332812173, 341451874, 478594944, 448880336, 125698399, 313733045, 339569195, 488493157, 343749657, 199806056, 
271910356, 132792387, 344188996, 265911930, 197488740, 442925402, 243402497, 149225954, 322096933, 65952251, 
292473166, 407578914, 101134773, 347371514, 287568008, 408794274, 410115357, 401617130, 279082887, 157330425, 
91609836, 174236215, 279404994, 32464792, 366492807, 379286027, 316827317, 38547139, 363260325, 347491111, 
410322608, 45805893, 421691779, 245189343, 90694661, 224914069, 406966748, 190739309, 373336599, 494525028, 
113216817, 59983444, 260447980, 31153963, 128712861, 250893561, 334465889, 314613974, 470954699, 396840366, 
403222591, 130963484, 414040799, 208412089, 311307932, 24505357, 461565916, 149674246, 362035030, 286604902, 
467748900, 37939710, 274986770, 417665683, 154662093, 166104963, 166124648, 59703147, 431110031, 237344301, 
446877942, 81549578, 116212118, 256012314, 305155336, 497797157, 495568367, 104885605, 285493862, 263989126, 
488757566, 74954288, 201470880, 275276230, 39755257, 465131355, 95231146, 214227889, 341696831, 167661855, 
249607344, 306491853, 109923502, 89984638, 233351802, 46612977, 102543384, 15222000, 362061479, 191544816, 
54007202, 327733112, 396696633, 402270823, 330020160, 402256002, 153253770, 498377333, 275312404, 1825264, 
307180158, 431251178, 120552428, 380674681, 483421569, 489318098, 107357299, 413316374, 439843572, 54178875, 
293769134, 427221661, 280541613, 127410736, 443464604, 352043652, 463990588, 101588192, 278553163, 376635135, 
146161455, 250458606, 347331110, 306983309, 445502807, 382608312, 204599778, 200576866, 259002576, 130877491, 
27235223, 260231022, 301522476, 478070714, 339948129, 314189858, 232528134, 375712355, 266924543, 196450330, 
449779523, 3529663, 109821527, 134645893, 153021190, 473307129, 383539307, 331861932, 288195048, 225052515, 
404305273, 188620806, 408125640, 311377528, 479095269, 188809971, 445265542, 234329799, 344414474, 57939011, 
58080230, 351782160, 439428370, 134557686, 63863694, 495918981, 44336480, 198863665, 317955486, 64759336, 
270381135, 34781999, 476042078, 330153080, 307830024, 334374056, 335604461, 265120808, 163765294, 476047099, 
316655381, 26579372, 161875964, 199854419, 129446031, 376721728, 3766371, 434402204, 302526049, 483732700, 
220366750, 262772368, 258880070, 274709394, 454443828, 219994118, 346321374, 206060601, 16640533, 359394659, 
252283949, 477719746, 205055566, 262615901, 170258803, 82840734, 307311576, 243943696, 46091159, 379776151, 
55511146, 493864452, 24600476, 490299007, 108115910, 258104847, 148841468, 362498346, 17610353, 244117138, 
458943035, 319799605, 276523913, 42980171, 320433527, 131319853, 453369459, 13454232, 421350435, 449269638, 
11526008, 430791740, 226919586, 338281699, 400799101, 198927817, 87629635, 91593054, 38175167, 74671877, 
130684789, 53958759, 442192028, 375312738, 196581191, 409534696, 98275157, 204535278, 191641968, 376824713, 
494180046, 341549741, 85593122, 202255169, 155243386, 305212696, 238921044, 356580623, 43570439, 238015714, 
442730848, 75671003, 246603931, 17145496, 53813836, 165933329, 174084278, 435672112, 20000724, 358427580, 
430493093, 324626764, 321619502, 131088722, 470797365, 7812478, 133592527, 191924174, 499211960, 349596890, 
30735861, 240287529, 154964224, 132700386, 493729481, 482705356, 490825191, 112639479, 35403831, 220684108, 
109525672, 407513023, 49621522, 179765738, 322701498, 439349840, 106707419, 104571910, 163918723, 184786461, 
263028069, 85340405, 9356224, 466835565, 134296269, 200637104, 329159144, 42354192, 207630863, 164579377, 
10292147, 75147322, 22732116, 185418080, 284356548, 75976876, 346706374, 289656541, 207619001, 198857153, 
104010072, 494914834, 100564363, 114521503, 420312812, 332452311, 158133837, 203016335, 107623071, 310436072, 
402724181, 409252319, 137798650, 182706100, 259987408, 173704455, 350698206, 183691301, 91193412, 233778504, 
120494746, 318520597, 156376251, 327600209, 30614003, 250626110, 157899874, 131541906, 199266850, 82601599, 
400108237, 72575943, 13577617, 454771774, 439925502, 214812184, 93223259, 147326411, 293394410, 61281864, 
371848267, 190281940, 15528216, 201330171, 411217566, 305065991, 233705130, 248674644, 146150576, 346455352, 
234445915, 366047031, 413119246, 302264055, 289322927, 105217606, 479766287, 382956932, 98799841, 34643511, 
315869749, 483756286, 288338803, 255634903, 427357272, 401566806, 427283627, 131926237, 250174592, 367163105, 
265653342, 117352420, 280141210, 168751817, 258801324, 490729575, 330474994, 181105575, 102792364, 480163895, 
126745784, 398488123, 394912314, 226194639, 295999289, 145827916, 478111707, 176750425, 199794023, 160424921, 
193702442, 244783470, 282487473, 262400278, 434806010, 118913981, 86420323, 489339103, 427419927, 443433953, 
297802153, 431577764, 145417399, 235319845, 482847933, 496494230, 6548760, 33585554, 403706369, 459505667, 
59602200, 498708837, 356237666, 12687634, 132888993, 263051457, 226745574, 200962313, 465319270, 374203256, 
482936854, 23190972, 470998717, 483801292, 425662303, 20779895, 498676179, 351501385, 78450315, 62393593, 
234096944, 222488544, 369559930, 266801621, 372303361, 472601849, 291961104, 175938043, 201896709, 107787438, 
266214286, 153698261, 361721268, 264523270, 280495156, 367693142, 344163384, 54853259, 288408445, 447948794, 
365603067, 354817761, 481446492, 262707663, 465208725, 401218519, 156421528, 488460954, 258131209, 190949190, 
489758491, 76913558, 43986880, 252380217, 233963033, 261159579, 342143386, 362118363, 449426478, 447008549, 
384747220, 208394332, 95311357, 296369071, 466513910, 435649055, 177226286, 330656757, 320851947, 16728312, 
374282336, 74333594, 88420455, 375605906, 212292750, 164697979, 327051793, 218670801, 325782049, 115965236, 
387371102, 337350378, 460667785, 302821793, 141021195, 188830945, 186063758, 449895486, 230621309, 187405502, 
134799846, 208455887, 14059253, 180314089, 27175605, 192404682, 321770931, 317754832, 95273029, 488310588, 
362288791, 314112602, 204673877, 183316079, 198121567, 279051431, 371318617, 269065107, 456046014, 386346027, 
391693600, 116022716, 343143792, 406602210, 325287684, 220911198, 369558323, 148314354, 285396461, 127590071, 
422903989, 154042415, 494797238, 365423813, 34225739, 485658960, 253313495, 140541463, 15258907, 211728742, 
408950362, 271170213, 124459272, 300140978, 460959315, 129888850, 60282765, 322350344, 117770405, 186726795, 
244756174, 157810899, 262312522, 334422136, 481765444, 370996325, 444882849, 208543943, 193702843, 421180288, 
33239566, 402806660, 143360905, 488748607, 262442262, 415168839, 387469491, 40111511, 153575997, 202750802, 
221211016, 330708598, 466012180, 467845299, 283594984, 316129223, 197454683, 89706077, 243958919, 465545487, 
142663212, 148154731, 48787552, 449194077, 360728786, 342009443, 429360578, 262307350, 261996122, 55397121, 
390215553, 362712633, 251557262, 214874335, 386400641, 452172061, 404527820, 327338538, 165363605, 129092739, 
265497818, 394846322, 419306339, 60344329, 267983838, 490095747, 104967634, 368185732, 86896748, 68412340, 
43435037, 308064161, 255270021, 282082990, 360272996, 7052080, 391294655, 335348719, 51130470, 188724683, 
31839422, 29475756, 452088933, 309243, 225413157, 343461453, 443946542, 321389733, 144044016, 125199108, 
18552620, 365278207, 86401851, 397305405, 146378010, 228935341, 347180969, 205905243, 256102252, 42715533, 
467273299, 231140790, 424258484, 310049242, 86878321, 406413113, 275045445, 468381912, 33863112, 432558531, 
481873041, 17028273, 226737498, 53735148, 334125126, 482654207, 326988442, 232144147, 162094248, 429693797, 
183928330, 234463344, 312003660, 418985125, 406634277, 410431310, 80813085, 179139958, 468010916, 333603980, 
159968204, 455680022, 70245991, 65002513, 220182922, 267301948, 244157353, 139802171, 173859604, 114734134, 
186345842, 113411937, 317106091, 260245239, 422810519, 242314983, 146006469, 483307103, 89068111, 276447323, 
349677175, 320164987, 466634963, 275734745, 342260157, 192474442, 278087256, 374018396, 37297065, 349942978, 
8258569, 14416871, 198658084, 358614328, 299735973, 328449437, 167952387, 486404892, 59789562, 142065174, 
293259010, 202877629, 65560189, 283868203, 53983629, 368356680, 206225855, 4422918, 156996865, 163875313, 
355625004, 208375405, 231112780, 418321800, 197570077, 333717572, 455993032, 29685092, 44777492, 38220444, 
209391674, 159392349, 61695342, 196409354, 11733996, 394580265, 308564271, 428992942, 238659384, 165116262, 
386726693, 290957901, 325783899, 20868211, 223201703, 49347105, 14792503, 193372541, 434831084, 289654649, 
72511795, 165668270, 266330039, 443280550, 270904608, 418854742, 265261449, 259602931, 294183264, 244885441, 
32157786, 226791401, 448318521, 150747481, 275305095, 413710929, 364894741, 107337852, 109344481, 432341676, 
320507561, 1102110, 471310403, 10519354, 85694734, 496659620, 188133765, 29704490, 424860013, 175567413, 
59417220, 477508731, 306586560, 212451210, 29255434, 177897311, 36668793, 428589626, 354481198, 131801386, 
195197995, 263008108, 338661799, 406652120, 199546665, 133699059, 210661836, 103508541, 200552695, 234239570, 
487229457, 119024489, 153190589, 131852536, 270660706, 419150170, 299346098, 409189149, 378467065, 156477171, 
315475985, 369308265, 437464803, 180126621, 446307226, 448002856, 273304267, 462366127, 174266557, 166825373, 
19840252, 328497844, 129232651, 216627142, 218433185, 225930493, 223535933, 36827679, 121077947, 318421811, 
431366343, 77610490, 345795811, 265869635, 52220276, 374526348, 167847589, 188607218, 249952409, 313867200, 
175092299, 365153854, 202587809, 324192009, 108314485, 20383048, 473297257, 165207615, 77638538, 184032364, 
279867149, 465355693, 355941995, 432901469, 255806128, 230781998, 217894960, 23654101, 406950391, 278930770, 
403105014, 433714040, 180276935, 425540721, 19817961, 499449721, 307351567, 280686300, 418705759, 83965194, 
332122526, 81024729, 328449912, 369793016, 51685916, 129426412, 889644, 46826236, 97005990, 39747688, 
299165684, 270715419, 269222714, 250445584, 100056826, 207247434, 23647335, 323775522, 288388049, 23373366, 
34815660, 355701858, 161610194, 276877980, 236613370, 234069445, 419441206, 28972873, 125022107, 416232825, 
374822377, 257781897, 25158322, 214503588, 255687804, 7543605, 311281335, 467291230, 68006154, 160737667, 
351330691, 255115954, 354918709, 102201303, 337645836, 278653270, 232730568, 1524310, 208042086, 162332749, 
133188451, 326961982, 203016948, 73685466, 1688743, 189590711, 344884287, 206589027, 392467400, 360516896, 
281161648, 346165840, 115955593, 234945474, 221546455, 420232910, 277807778, 377895844, 143249944, 251833726, 
178266204, 474848962, 429332891, 22234314, 101469044, 430023492, 475523773, 38408340, 313463209, 362815929, 
50302821, 409010841, 283814725, 238135423, 271251634, 340429523, 333087159, 23248410, 40544198, 141287695, 
207078401, 47813992, 396236377, 407255522, 336750549, 269011154, 184297218, 128255583, 440303876, 493025325, 
225544869, 270582567, 179217645, 454400915, 186002171, 230239859, 180518335, 305736846, 409894176, 202675787, 
49721168, 216283961, 116430250, 404972005, 405099321, 417922679, 152822956, 446319116, 440431462, 249698411, 
418562559, 192388290, 415652190, 73859264, 295361607, 1889034, 238935008, 401596826, 358387372, 280285597, 
310849030, 33992193, 163468572, 377623104, 350959582, 71849736, 339743713, 292870639, 434677593, 105574412, 
278428630, 236188596, 498055497, 225028718, 75081197, 105886445, 14492217, 487900294, 58047204, 312989917, 
18527070, 309654572, 121331578, 73237207, 98047397, 329105827, 452101554, 206324584, 310429903, 224688234, 
491093009, 447645953, 276770114, 415196957, 343635191, 400310426, 436181222, 86031829, 289595353, 377718259, 
496599137, 121536022, 339982931, 120123046, 253076182, 65756241, 38627904, 169322654, 318340873, 480071480, 
298508750, 311245213, 43065039, 269333368, 148345086, 184199264, 171340938, 322786213, 136134805, 432061690, 
401165854, 14925924, 224456247, 212619292, 498373983, 304983167, 456598164, 411441514, 122270457, 123718381, 
489239850, 471308673, 244496244, 48578576, 483832749, 479967788, 312626522, 117087441, 324525898, 91794691, 
78287084, 383211610, 226126663, 304008478, 483284112, 175071341, 241430357, 54424895, 50468567, 455657060, 
109070185, 268970723, 266266837, 360264649, 110332246, 367149316, 440610623, 217379622, 103954429, 490317032, 
114900526, 356997198, 382898742, 230958799, 114099799, 179167484, 115834252, 283623996, 297305363, 491519336, 
76706146, 189579944, 160571393, 394885489, 73985706, 42601772, 428634532, 452180795, 189295420, 431936252, 
150184454, 17885868, 469689936, 335133351, 336604192, 199586160, 236810195, 116415139, 428550753, 200471776, 
167850780, 66903407, 113807240, 13245759, 432973527, 471863341, 290700181, 362947098, 409217883, 106578496, 
199604754, 131013838, 438354176, 379604421, 26021194, 25934784, 353753711, 34032057, 379258906, 71766540, 
104792971, 65499509, 57375600, 39263923, 67876119, 20285753, 358214676, 447626271, 488796955, 474394727, 
399513601, 281976431, 59478987, 159663051, 221602008, 461011957, 11686946, 61805499, 486172611, 104053311, 
171270678, 365073686, 55847258, 280059289, 104490398, 431785799, 275689808, 472796025, 482983588, 169319469, 
455011584, 146797796, 243982605, 296123527, 145237867, 41970226, 97555395, 45012129, 36377587, 113688581, 
75920386, 111310350, 256602485, 296162634, 30381021, 226278906, 410319455, 479461059, 66091837, 288375823, 
464077304, 303623063, 230215627, 285900932, 124958952, 450538844, 179454786, 48518033, 217401838, 314337470, 
133615262, 249193604, 373397703, 39355987, 315932830, 100866838, 310293335, 407992215, 18334309, 343456296, 
76330398, 31010944, 206570685, 344106942, 51131526, 445313719, 382642716, 444551460, 53951502, 215005299, 
36764094, 56298996, 210287521, 439571425, 299116948, 128442089, 148327853, 284790408, 13577520, 204795451, 
113390664, 378235556, 178335138, 294280319, 470782297, 200660635, 468197057, 492347140, 235964200, 106160705, 
369739383, 57962648, 128884855, 180478843, 390093576, 45685095, 451415849, 23732088, 169858669, 483021016, 
417982601, 11106906, 107471870, 89809704, 28647824, 202612840, 214526034, 416528835, 82138361, 287767984, 
330330247, 341135569, 345547285, 245080081, 137336512, 189938901, 20322153, 400930398, 324923343, 254527567, 
29056982, 104732388, 331171348, 249126363, 248939089, 401354836, 489820640, 498768082, 104139826, 108664346, 
22168547, 427805723, 223228214, 3271996, 460516223, 357895469, 155409360, 186498936, 465801365, 118243857, 
49437666, 342666476, 287210472, 14517470, 329133806, 301079844, 17165332, 143840640, 286688686, 850526, 
198824677, 438114567, 52038142, 287183108, 5830901, 344963024, 78170483, 25124072, 406836016, 65004164, 
29054974, 43920466, 145450200, 38325331, 343411486, 194248352, 148311043, 43774857, 41180862, 17384089, 
138895711, 204664942, 395999737, 363740285, 457211446, 14832262, 330786063, 93496025, 140364651, 105730973, 
242588993, 246872973, 164948077, 108158406, 61607896, 22364847, 182097436, 261019857, 231853097, 432126964, 
406643687, 336389116, 392006065, 488613202, 256764285, 369778957, 227782154, 213460888, 155054952, 370918048, 
206796424, 395278502, 469621110, 135896130, 213855337, 23727412, 326661616, 427620550, 20349561, 429945166, 
409112318, 442867017, 458574760, 221818362, 159572113, 450727921, 399543585, 165112086, 180908709, 77637780, 
461447733, 134055614, 376463014, 249238064, 172224482, 252725837, 309009591, 234175080, 446615447, 170652916, 
54946987, 371488803, 42287959, 340281598, 387424769, 334921055, 101643876, 369505664, 378027213, 442556376, 
43125981, 223634051, 154680482, 365083694, 239643357, 365867237, 445107438, 124808387, 430368509, 328309351, 
461648720, 84801690, 393169547, 69838267, 389899909, 483427917, 379399483, 97278487, 12469048, 328553922, 
91863159, 2247415, 304791229, 256090984, 184529755, 167260678, 103225459, 254757941, 106056287, 248958983, 
309422102, 315378483, 328991228, 316389070, 299534840, 197037615, 302126734, 398669895, 158946284, 404859216, 
226952885, 88076820, 437448509, 482201724, 291300080, 106685119, 140847280, 373509529, 82768285, 443619859, 
245755361, 395799721, 303763005, 157261418, 486553958, 315873032, 215302934, 427316207, 44176717, 481638418, 
87433318, 382405365, 167921744, 144024874, 80696017, 416017880, 406102009, 341999062, 96439714, 356387795, 
140717687, 188115168, 87372433, 240371562, 31074176, 189660001, 215285480, 346616037, 345238512, 208158715, 
452659577, 18536768, 313320978, 465697524, 209565985, 412793249, 43770043, 207975159, 349221365, 472432028, 
80071955, 300507251, 314238566, 327091749, 167580446, 204229194, 57761320, 457295895, 317317903, 7171825, 
286217247, 329701852, 288997642, 295168819, 427424979, 176264302, 484644655, 351275277, 380168169, 431494398, 
239572401, 21751759, 464986291, 195338415, 475953722, 455974027, 322439023, 480964000, 131965091, 451032634, 
197651719, 436458762, 121587036, 422377359, 406286311, 202393907, 166047718, 333095199, 263011475, 114459644, 
122859954, 341707740, 299866853, 276304184, 165595736, 114693125, 403514870, 373132656, 431961046, 382953001, 
394845547, 367723727, 380866868, 21781276, 314628618, 146190835, 424641452, 220454089, 77020640, 335594903, 
370390179, 81304615, 368518653, 282877360, 305574218, 291741022, 495392975, 21996566, 152794879, 256905143, 
245808775, 294285903, 302248723, 356287739, 238639513, 475794011, 361354551, 272555316, 490385453, 33535004, 
113939437, 345618162, 498834904, 435389859, 478460545, 58055029, 183922508, 169648091, 284968223, 45834442, 
92406330, 442087196, 437652322, 251190741, 265900663, 210643174, 284143628, 295450056, 428857176, 247078383, 
208233362, 12587383, 439667646, 115350843, 484989356, 119208947, 188398489, 257533466, 180720021, 409178839, 
153339551, 69226770, 195436896, 39741938, 114969324, 126893542, 195232369, 373211254, 126993029, 407202882, 
433950428, 34672347, 134963655, 183055074, 436963315, 136512052, 283257960, 415243401, 219980260, 469955111, 
104665460, 189169253, 97439866, 420867464, 300670529, 191144689, 129248344, 438131741, 208087202, 343863485, 
111517098, 387134452, 288827955, 84370268, 60655036, 117821491, 22770177, 155889070, 489080267, 436622453, 
18191435, 100712545, 362032459, 373497385, 239881881, 27880517, 479023769, 17093883, 40483996, 461985838, 
85823931, 273824013, 250851445, 133079677, 85893012, 264315485, 357099442, 382219821, 464257683, 167792433, 
385180310, 233952734, 272818726, 348012903, 36307308, 66842537, 293581066, 83763303, 22919619, 114660393, 
4788343, 368716637, 401495107, 339337649, 277460922, 128231154, 484873018, 109249041, 269767277, 36053717, 
203111513, 195776692, 321066081, 338266315, 82671381, 215021896, 148518153, 71067883, 489790208, 174125295, 
196042385, 198132326, 308021395, 115025223, 211132713, 392132771, 44064366, 472186050, 461286754, 46501643, 
79643854, 379181548, 499751646, 247603220, 167832301, 416036568, 118784221, 134390140, 261222655, 227114753, 
295695020, 487335304, 470553142, 193985209, 266147570, 136686117, 259830822, 336586488, 297417334, 315075683, 
322344341, 249290862, 324196638, 50376395, 410350646, 150579787, 6539385, 419229080, 187394338, 14164963, 
100064932, 459231575, 133405329, 171924127, 289641880, 396275946, 234039113, 166048657, 321123707, 465255959, 
157997750, 176123806, 177329672, 101758726, 125969552, 85147041, 409278733, 18963422, 285263550, 412850680, 
90559775, 422270126, 4866356, 76860660, 324667165, 408437355, 6499805, 321366140, 345327731, 289635616, 
135326404, 375029012, 8504639, 250108264, 165158789, 191995407, 270195491, 401269009, 180886898, 290711895, 
240002442, 224305195, 91899263, 298249943, 131101451, 288204869, 489300700, 157063317, 378294126, 277676494, 
299450334, 112348014, 162496478, 149231236, 176940580, 366200202, 385855423, 254373817, 234927213, 117723515, 
84680899, 98626893, 383046579, 323736181, 323696160, 328916590, 72095832, 382608733, 219221944, 212335155, 
492643342, 96995015, 320736219, 386552523, 40270204, 65553926, 354349726, 299551149, 426242106, 109279564, 
345375090, 249440950, 343615982, 316649145, 176136386, 104406828, 396978290, 327576540, 131436337, 439801178, 
400365390, 364437482, 110711965, 384943951, 361416803, 142837250, 452793209, 310483780, 154576930, 239554048, 
413138394, 255891411, 360997860, 378122553, 138109182, 290810663, 160744753, 174572592, 102878166, 81225052, 
116769147, 57029814, 143610585, 272190109, 239907698, 360932882, 117949605, 445371473, 9658376, 85255370, 
61883261, 160295, 247619647, 367123674, 276052477, 202107565, 480740507, 206046760, 191091600, 483049053, 
471741096, 294676798, 433150598, 369956209, 192549405, 164533263, 445994052, 148529666, 282001353, 437685530, 
428384686, 310514210, 420894063, 27635193, 124556096, 311064813, 335753693, 343338019, 278330917, 369265750, 
412367021, 46401630, 375445113, 331820483, 156826482, 434145472, 282792531, 151984189, 496795368, 36881628, 
291387210, 358648370, 121128736, 411769043, 226297318, 94713179, 71706119, 124119376, 286011438, 206853289, 
214092301, 185801958, 267108054, 66727241, 409400058, 196869148, 422537496, 203749966, 34480660, 115866651, 
78980155, 112251220, 146061673, 181002557, 19396231, 23306507, 272199355, 488769885, 338496389, 11701727, 
346390188, 450467459, 390631052, 132618313, 42396027, 436028432, 462301578, 111800870, 247057000, 205227422, 
82639206, 68580616, 494009743, 416455467, 172684787, 160954001, 306584355, 239988902, 157057001, 388770242, 
405893695, 179974232, 247072965, 390893485, 443792594, 137234798, 83234005, 354854127, 232239090, 225599395, 
86189020, 295057008, 394634305, 319938422, 342817085, 469916753, 204265040, 109877868, 62661145, 335363459, 
350486788, 403068367, 477948016, 257390877, 497583944, 414595205, 131995835, 20058117, 380559453, 212423797, 
358227690, 75582174, 267943015, 458354507, 390474668, 460675370, 29799038, 272001474, 384659975, 411602712, 
383531213, 180131525, 497583864, 51737758, 352819065, 200350431, 203192882, 20233277, 411817286, 358864070, 
419797946, 497357647, 403971493, 61412014, 24143113, 12816990, 338656001, 19837770, 418738710, 1457472, 
56378853, 359336300, 63484911, 471361285, 455004757, 201900061, 183323926, 208026089, 169187778, 343231011, 
494461846, 309300974, 58244483, 86696414, 48399937, 22094001, 431247089, 449334296, 420940431, 233286356, 
129909266, 141275519, 239625307, 243607519, 400539135, 53170093, 197146544, 251048351, 194897285, 451858920, 
346651572, 433310104, 56804868, 304890295, 53715881, 65202003, 57442853, 400698025, 458769520, 85116232, 
39163965, 216985987, 314359198, 226866521, 34482010, 399124121, 420366571, 2146206, 188832702, 456053626, 
474768180, 388238459, 475396565, 491729747, 424886105, 492892160, 328031745, 394678895, 289915212, 258441178, 
431235836, 349931987, 372922563, 464251000, 75697243, 1350792, 272271135, 371733742, 366905076, 475077045, 
138029138, 228974297, 271964652, 380869205, 114044144, 246440271, 171482760, 325302442, 134837840, 387036021, 
136645671, 325944211, 369864695, 381521306, 98360200, 202176811, 61765390, 214550133, 204302002, 437095021, 
43327312, 274841694, 88663763, 419676657, 399125469, 62872934, 337014584, 466189828, 68170360, 21891782, 
480959941, 232953183, 81082220, 413993493, 33680162, 398285497, 217710236, 310201839, 273078617, 217549325, 
269933697, 344520207, 410300314, 336735536, 305304409, 232489571, 323784828, 275480489, 403349593, 62032800, 
350236396, 481597441, 208982938, 373318316, 430271427, 74967624, 123081731, 499510368, 78826144, 397156544, 
34269818, 76241972, 399959381, 145074543, 93643994, 90833220, 97632854, 462253700, 221565586, 97940484, 
128961258, 194163423, 362849887, 116265972, 487155637, 282837924, 214693309, 317230056, 29487238, 352578170, 
468108926, 492079553, 94793789, 279331804, 443461937, 465298933, 324133256, 265842484, 258888103, 203808150, 
148212642, 410191931, 49236466, 154779434, 82399049, 194026190, 69691738, 145320719, 114016923, 334897305, 
232033317, 157002219, 457748212, 77558043, 365176227, 395116190, 71969732, 190542451, 122167916, 30492096, 
361943335, 169754550, 449476477, 1553654, 181636757, 347393824, 323701578, 144260644, 366344703, 207352589, 
79896650, 192668552, 413919472, 127231214, 114230566, 215785356, 14846270, 51613705, 461207471, 128109503, 
196536004, 129780811, 456308040, 274386231, 399023167, 135204014, 160217719, 260660487, 482929480, 493541748, 
190318560, 145444331, 120594780, 475186194, 154520424, 163394831, 401159278, 340980963, 446977836, 185141617, 
247095865, 233755006, 256884675, 22416911, 457574340, 213900832, 27064560, 339173291, 132533909, 47141709, 
97814472, 114099697, 120823886, 59939648, 425016340, 228160117, 267311013, 127408184, 329084335, 164810286, 
360124543, 130438602, 375929551, 6011780, 423161988, 368861024, 19131094, 91828405, 95013523, 219494026, 
354641490, 184623459, 308185226, 339679600, 221363421, 470248727, 116461221, 41040352, 339237083, 301849355, 
486239964, 206978727, 484618392, 343670491, 479605363, 337340314, 104306651, 450441361, 267974507, 17533154, 
217294872, 143905355, 241855311, 313367414, 140447475, 16406822, 253926167, 332502497, 486870498, 274136858, 
447055336, 421704481, 322819135, 298252341, 273189780, 180216905, 265293476, 237918454, 170079746, 363999853, 
231404582, 16455914, 483639329, 237182405, 154190088, 184672383, 272984765, 351529741, 45021109, 399330979, 
337302158, 454637886, 370392281, 488855900, 26975710, 136522989, 5071933, 377701947, 493814763, 497288370, 
470651971, 339874460, 107168466, 4445652, 13386042, 437145072, 288370843, 128247644, 212297109, 88959120, 
481575334, 210969462, 186769184, 73837074, 328385384, 373104576, 309577775, 19623426, 343022841, 171981179, 
358313516, 294566839, 212820856, 238588529, 55958383, 210392913, 168407250, 463128017, 462735302, 310032373, 
141191087, 76210772, 389054837, 440868399, 73934306, 288656798, 14396824, 373051342, 210628109, 15941165, 
143100902, 162453945, 123078697, 141601712, 209475967, 230255556, 61455052, 103447515, 177018264, 486724493, 
242302521, 224584096, 280810432, 276461173, 65575016, 367891802, 463738018, 418845412, 383500077, 239060487, 
489349200, 413849404, 276608801, 470606699, 272074439, 482744722, 325524800, 110833272, 208997212, 471766702, 
184809537, 249679254, 190055486, 75666203, 216358400, 438594697, 78421728, 273876891, 352092306, 165715986, 
451928656, 479934582, 329547162, 429421184, 330167959, 98971618, 231482236, 127255383, 93539621, 422768314, 
265967987, 475664735, 329492937, 341101862, 494152236, 26363076, 102763107, 320121667, 41671378, 493305162, 
385323921, 129951216, 29527852, 927057, 70945441, 211333095, 248961112, 479496354, 436541734, 59151833, 
165061371, 405189091, 21706535, 296050537, 254243528, 446768850, 484603759, 423904817, 468808068, 471582041, 
34315341, 117242493, 377582605, 395940084, 21980369, 177446907, 387060048, 165452644, 62336804, 241785807, 
214736374, 484331355, 338000441, 453073922, 327373976, 348603279, 247447929, 190115735, 253406645, 241389189, 
1564569, 416240025, 446676787, 152019225, 26645473, 338952323, 479634194, 438286332, 231712419, 93390771, 
209202358, 474314008, 111560479, 90480457, 165754808, 448454843, 328801468, 57001650, 343467200, 424758075, 
464621411, 237099146, 223589193, 210785452, 302795943, 405591101, 415966267, 176529568, 487517422, 258338809, 
453708037, 247605230, 264917519, 155422641, 68758092, 30007294, 399090242, 149595850, 352967436, 304010677, 
10489501, 49077492, 44920781, 469742228, 130543223, 152893989, 20415419, 244033654, 72167548, 246286616, 
217947389, 204810569, 403211197, 481739696, 449988855, 379494222, 368636939, 427456165, 402693004, 326343987, 
384950968, 174395457, 361646293, 296179480, 119341486, 293888649, 316467071, 458989746, 296374429, 91796914, 
304795343, 34858736, 62304918, 369397179, 48669916, 95498942, 281578547, 155035564, 95081242, 388567436, 
394277260, 230072338, 52640240, 264809634, 259349080, 257669254, 52554583, 58087419, 144843217, 181662982, 
81248152, 343697526, 398009144, 35552305, 317585645, 2104335, 433825547, 312077458, 422920833, 219580559, 
429893527, 475382393, 149412236, 137838411, 387951742, 426240682, 234570356, 125362234, 42284376, 235986187, 
472779349, 252360195, 151296968, 236584855, 98367972, 271025138, 137300223, 487543124, 101297541, 183092860, 
306813175, 276246147, 419702956, 33339113, 210695274, 282038199, 494177969, 104890917, 323197999, 430132043, 
473252223, 182792489, 77822118, 266460543, 487067989, 66628413, 29590636, 150048851, 237324178, 264571378, 
288113308, 222127785, 498974365, 121274399, 217283482, 264569129, 108842133, 477979566, 498781417, 33210515, 
56588038, 193797322, 102682944, 373801734, 209784591, 126972391, 363311706, 239068848, 195380884, 12930621, 
221793961, 336883923, 187707430, 459092577, 135547636, 388270024, 171053560, 83383177, 241924987, 434002472, 
63462726, 121704625, 406874971, 278241948, 208467707, 473879374, 78521198, 211842048, 328644802, 355448321, 
407700239, 242881122, 74940334, 202806215, 132804551, 428453760, 435620860, 194926253, 17521058, 434845265, 
177157137, 380531773, 338557779, 328029876, 262734520, 437317560, 466357313, 436991272, 7243609, 237153392, 
223094421, 70512538, 340266966, 466487450, 71423590, 113576155, 499859159, 479691750, 397334547, 124249222, 
61408597, 376864101, 7799267, 358085289, 221930402, 34591640, 138637242, 296295546, 462914356, 320184554, 
240859750, 237751944, 315937392, 5926127, 170432942, 69782789, 420659833, 87051607, 93339821, 361876522, 
39855671, 352845154, 405540746, 105288020, 116572184, 47222532, 268726077, 375539630, 270025525, 211399526, 
431629196, 113221963, 12369944, 183838760, 406531223, 405495412, 88940884, 496081384, 143407983, 312509758, 
322488955, 254249252, 76518122, 188263698, 391174452, 415926250, 284568102, 52153339, 15387971, 441558793, 
373673017, 146337473, 256019146, 433246014, 6189528, 356775297, 468079869, 293818213, 253461669, 157338516, 
405582315, 349105629, 81002112, 359788152, 122610477, 195611098, 16928770, 172891915, 470660888, 36684861, 
405160656, 97179365, 414094688, 390762108, 86486382, 180074816, 477821871, 443531621, 26700212, 30890136, 
108870503, 328836891, 486229800, 330240502, 68828153, 38509528, 98595171, 449421947, 42090785, 312890825, 
333910772, 254017402, 323019402, 458853750, 335133179, 409348903, 246807792, 312086943, 488289648, 59561187, 
93067890, 497066278, 439277373, 467629914, 239685032, 144241514, 316909997, 105899906, 146809530, 143160201, 
426270505, 26669176, 67640197, 427739728, 71339106, 306573181, 187987190, 414755826, 291264088, 443418170, 
134793275, 433897351, 217573834, 245278176, 107318658, 16367520, 62542851, 1629135, 314933443, 46915473, 
435371257, 297447904, 51098574, 199512329, 388166040, 308720582, 286940906, 150627106, 227443, 491234350, 
54253947, 463539993, 324967700, 378476611, 340018819, 243586268, 435832228, 387908003, 328612297, 300166070, 
480449481, 284705868, 284206869, 318601380, 263797881, 338739997, 218949629, 1752720, 68500996, 393657001, 
181116324, 472974712, 97972204, 307743041, 377187593, 306918708, 47890111, 289086024, 96808884, 391747942, 
90566688, 118304271, 399309396, 405412512, 82235254, 145238568, 101225384, 387002792, 129915009, 90262783, 
193844089, 377502535, 422885855, 203616125, 205032992, 382622346, 9762872, 122692938, 203121390, 233796081, 
477055499, 254543185, 218561314, 306096823, 417589944, 166513993, 271645325, 79476199, 292474022, 165586415, 
168761687, 135243952, 91493562, 190129790, 56772280, 134580566, 368137159, 33388403, 391221383, 303539495, 
382887699, 185486597, 343449577, 484251658, 67293346, 314072443, 279543776, 458078634, 135907371, 323147898, 
99102049, 244590761, 410647470, 63409364, 272324085, 75211600, 291596104, 319531122, 342894854, 81110942, 
70756959, 364089736, 417631567, 152816191, 416242978, 268147949, 243698686, 153118286, 54387839, 447730444, 
45988681, 39204723, 232899236, 639953, 35276476, 416581364, 489053382, 284551493, 158328498, 387898204, 
189569034, 268317740, 422659985, 417633609, 302955595, 381510762, 166345392, 286091697, 478441472, 417918411, 
288394766, 379770568, 29254592, 318485585, 421703059, 75597122, 292571278, 112355676, 5892910, 449721906, 
145762747, 413202318, 238358714, 619310, 72329616, 294765190, 399232325, 431538798, 365265405, 178042605, 
425273389, 41229786, 417605953, 172451870, 15111083, 492875355, 128140277, 486181582, 278106935, 310950617, 
23595955, 35920643, 252896764, 432051386, 394642532, 371914763, 53713648, 37801209, 3598600, 383296140, 
327064733, 196737649, 130315427, 341702798, 41520067, 114284322, 232103822, 334658686, 309051444, 462925460, 
90386043, 166037122, 338478962, 280097177, 39487392, 237872207, 338655333, 423602647, 204396425, 3280204, 
463910739, 361956353, 229895666, 197186161, 468243356, 34871312, 349582743, 402427203, 346997359, 265452827, 
217404009, 35210413, 234380257, 95606618, 121047836, 210838096, 221537850, 382568700, 374979926, 355302623, 
135568645, 92887343, 98970448, 356134731, 495880760, 280099965, 319373997, 188609818, 328879575, 159341801, 
408657226, 204238510, 397842537, 227000102, 106882554, 80752160, 349035119, 404139195, 150217311, 117702626, 
436555126, 224079107, 136972799, 258464431, 428481452, 406416654, 154006498, 497896806, 490166056, 170320467, 
135917446, 10542364, 332084770, 300366105, 32327963, 88630307, 449492719, 437243138, 170643553, 371770819, 
126455696, 449313787, 82848815, 227017037, 238671065, 400812138, 68498223, 189554284, 424422562, 81710809, 
123105308, 81800212, 23657548, 236588276, 227710232, 326742497, 432644994, 147440330, 482292025, 293347724, 
445975346, 241911749, 470345461, 32612717, 489354827, 90914194, 312591149, 184074639, 442029906, 410519199, 
132320738, 64194367, 213531105, 379480618, 494325993, 415039578, 205869991, 166533803, 234530379, 465725285, 
46724908, 326187907, 451196272, 103322516, 172670878, 111857982, 115839778, 493969191, 487084518, 208784596, 
347983264, 197555995, 362380909, 339457272, 404307096, 241604181, 450518476, 431917690, 248518512, 143332583, 
422222632, 367014523, 99846817, 485771407, 479463754, 153551809, 7492161, 125482605, 311021606, 236293376, 
302506510, 179524962, 151988047, 237995328, 487632996, 257470993, 466296259, 64274864, 365753914, 154401684, 
122881112, 447053822, 337852197, 445690679, 269991642, 64453612, 303218798, 222195124, 175186298, 316946641, 
404867883, 376555526, 23197461, 245510433, 236842717, 56658837, 65752714, 99895551, 178066546, 431341990, 
445081579, 307690250, 175177720, 325842605, 424097324, 421091554, 170028587, 141885322, 134274418, 391823971, 
250140659, 370250012, 106598416, 25586057, 426409764, 424102556, 264953204, 410185709, 365760899, 461591616, 
16853155, 18494707, 24772663, 491133059, 301955140, 282519791, 297499914, 219432908, 317411709, 244065594, 
28809889, 410945732, 78833332, 74953599, 100801359, 350774841, 419727910, 436799068, 146645151, 21409558, 
494792455, 236617618, 365230355, 125746461, 245037347, 261837394, 214437594, 39973579, 353753483, 122824402, 
279178670, 8879201, 405576360, 403244882, 287091969, 347828655, 161099641, 266752374, 7786184, 430057177, 
335018169, 246513219, 358522208, 92495374, 188281453, 279605435, 2430901, 120523834, 83567109, 82382906, 
174889244, 463047145, 98246258, 248664747, 28402331, 142909908, 412798822, 386363941, 476949554, 93031116, 
229711442, 217576741, 240061940, 188071296, 197777902, 393330865, 73955057, 126650352, 384084189, 480693169, 
39848589, 225810161, 303703186, 483395654, 2655473, 252162903, 381614910, 277110551, 171793941, 232638979, 
426102370, 249198641, 404681650, 297391601, 240671763, 156111558, 79442475, 240642249, 180357678, 148526916, 
84235275, 192368963, 133107212, 300696775, 293269904, 84293625, 289978722, 71933028, 336409094, 36237352, 
347685327, 243693089, 240525273, 266662422, 368457598, 266587898, 79847021, 404848013, 78270677, 267567234, 
440761825, 252703017, 19591465, 398218792, 177777770, 295032366, 124111426, 471079368, 414476088, 329924447, 
67018033, 129308543, 94894619, 296038424, 447402623, 324853826, 444000428, 317207832, 324149583, 418855345, 
54254184, 227198209, 302407762, 139423914, 378457012, 248160430, 225488264, 113654010, 427086057, 343639396, 
355050254, 145784507, 256361120, 235330086, 381347422, 124678961, 444785013, 380097567, 364753520, 42497961, 
483252990, 19040060, 297728864, 341778193, 184263350, 74931974, 145319456, 249554540, 343017310, 377641981, 
89276605, 378396977, 363772545, 72245125, 440149415, 351399833, 39615303, 39978893, 65688435, 462308626, 
239971881, 132116672, 390055511, 286991911, 38414979, 268978162, 61619709, 135231708, 265861510, 142634990, 
16604235, 258210069, 57392593, 486786820, 14162560, 153694208, 326426686, 26789759, 384605788, 15921864, 
494290209, 398398175, 385424302, 440708941, 488140783, 356284934, 5936581, 347671120, 203826089, 78918736, 
451349373, 458518766, 43344550, 86192423, 69504200, 158634074, 143750302, 408026825, 190446401, 50103912, 
332565574, 109712580, 77098450, 43151833, 109282648, 236945514, 73891676, 92392441, 342162770, 415121748, 
90848896, 70140597, 278745198, 416187550, 96658038, 376343069, 437171030, 63312460, 73835440, 162824403, 
345975582, 193219723, 228450177, 67673696, 438221115, 224450758, 47110171, 397267672, 481742919, 217519064, 
376238607, 221356398, 365498916, 401496560, 252528095, 480443499, 401321848, 288269038, 380085183, 37100757, 
434606592, 315574442, 271175590, 226958235, 355180211, 326121382, 281726381, 276250427, 152374399, 218219281, 
460849482, 395079338, 380260722, 449525085, 142218398, 371519234, 319994439, 10886752, 139303440, 489003889, 
366619318, 404214796, 347110020, 86576489, 37407680, 407347641, 173649184, 197509600, 480425818, 198964863, 
59612106, 9201216, 480760756, 71562306, 439385855, 61297409, 161740797, 276695894, 335052609, 92621153, 
247264007, 227361804, 354803968, 19410781, 487591828, 377469598, 373380204, 356470418, 390297019, 357879668, 
1825469, 473108044, 248404050, 237132168, 342702120, 467967137, 437699065, 48244153, 225048869, 251959605, 
341613293, 486381299, 60198108, 484804540, 30817700, 391510220, 319088466, 268408462, 407082007, 56069946, 
319105862, 399840421, 440131583, 193861623, 385164175, 126461367, 194019818, 5468042, 186665118, 63319518, 
237148578, 187644394, 258681552, 7023727, 245700828, 25197760, 21651371, 80143006, 211829250, 247152541, 
412161872, 475784731, 44165759, 461618748, 107394927, 262035178, 495822261, 85796293, 87882280, 490989485, 
157141649, 456135346, 241645285, 201489372, 155961833, 256447180, 403620381, 227345220, 161875827, 217250161, 
488128151, 491603851, 295596645, 50766495, 359993025, 364893762, 168332031, 108138270, 215666534, 408688458, 
104969446, 21282201, 7496306, 20441546, 494140619, 2728370, 363329900, 223161900, 451843185, 485957183, 
65530744, 318608853, 307011914, 91112491, 154203971, 246116754, 57947923, 321492909, 410552441, 404224084, 
149654931, 318705594, 465406532, 3412873, 208260552, 349633049, 424472977, 32722757, 156929813, 434330117, 
228159788, 145892189, 143307815, 496211792, 216370256, 478311267, 417099299, 285579477, 373150252, 287887225, 
186788219, 344647336, 235436080, 445281606, 94314315, 319552236, 274034858, 194584957, 442569295, 292170889, 
108154989, 433953852, 495905534, 338853364, 176495528, 218647260, 355808011, 497525535, 350585108, 182824253, 
471521779, 376211644, 415785292, 388703341, 85385254, 23627650, 43172928, 103697643, 388533899, 393814960, 
